0.000000000000000000e+00 2.656920398009950390e-01
5.000000000000004441e-02 2.185129353233830618e-01
1.000000000000000888e-01 1.772825870646766167e-01
1.500000000000000222e-01 1.503572139303482602e-01
2.000000000000000666e-01 1.273313432835820880e-01
2.500000000000000000e-01 1.110004975124378318e-01
3.000000000000000444e-01 9.739054726368158443e-02
3.500000000000000888e-01 8.624975124378107816e-02
4.000000000000000222e-01 7.728905472636815599e-02
4.500000000000000666e-01 6.979154228855721787e-02
5.000000000000000000e-01 6.385024875621890528e-02
5.500000000000000444e-01 5.767661691542288332e-02
6.000000000000000888e-01 5.185273631840795622e-02
6.500000000000001332e-01 4.732039800995025552e-02
7.000000000000001776e-01 4.319701492537313114e-02
7.500000000000000000e-01 3.968855721393035191e-02
8.000000000000000444e-01 3.678358208955223585e-02
8.500000000000000888e-01 3.400547263681592131e-02
9.000000000000001332e-01 3.185472636815919745e-02
9.500000000000001776e-01 3.002288557213930037e-02
1.000000000000000000e+00 2.827661691542288080e-02
1.050000000000000044e+00 2.658557213930348370e-02
1.100000000000000089e+00 2.514129353233830744e-02
1.150000000000000133e+00 2.377711442786069676e-02
1.200000000000000178e+00 2.246716417910447905e-02
1.250000000000000000e+00 2.136019900497512433e-02
1.300000000000000044e+00 2.038109452736318328e-02
1.350000000000000089e+00 1.943184079601990161e-02
1.400000000000000133e+00 1.853233830845771313e-02
1.450000000000000178e+00 1.779751243781094519e-02
1.500000000000000000e+00 1.706666666666667095e-02
1.550000000000000266e+00 1.623333333333333572e-02
1.600000000000000089e+00 1.555472636815920413e-02
1.649999999999999911e+00 1.501343283582089877e-02
1.700000000000000178e+00 1.451840796019900418e-02
1.750000000000000000e+00 1.394825870646766025e-02
1.800000000000000266e+00 1.346467661691541987e-02
1.850000000000000089e+00 1.307810945273631988e-02
1.900000000000000355e+00 1.271940298507462895e-02
1.950000000000000178e+00 1.235970149253731373e-02
2.000000000000000000e+00 1.194626865671641856e-02
2.050000000000000266e+00 1.160796019900497619e-02
2.100000000000000089e+00 1.129651741293532380e-02
2.150000000000000355e+00 1.099701492537313342e-02
2.200000000000000178e+00 1.069850746268656908e-02
2.250000000000000000e+00 1.041641791044776132e-02
2.300000000000000266e+00 1.016119402985074700e-02
2.350000000000000089e+00 9.927363184079603803e-03
2.400000000000000355e+00 9.714925373134328246e-03
2.450000000000000178e+00 9.498507462686567662e-03
2.500000000000000000e+00 9.280597014925373242e-03
2.550000000000000266e+00 9.104477611940298490e-03
2.600000000000000089e+00 8.943781094527362974e-03
2.650000000000000355e+00 8.792537313432836552e-03
2.700000000000000178e+00 8.639303482587065014e-03
2.750000000000000000e+00 8.452736318407958610e-03
2.800000000000000266e+00 8.298507462686567984e-03
2.850000000000000089e+00 8.161691542288558240e-03
2.900000000000000355e+00 8.033333333333333298e-03
2.950000000000000178e+00 7.904975124378110091e-03
3.000000000000000000e+00 7.768159203980098612e-03
3.050000000000000266e+00 7.629850746268655899e-03
3.100000000000000089e+00 7.518905472636816176e-03
3.150000000000000355e+00 7.412437810945273625e-03
3.200000000000000178e+00 7.319900497512437341e-03
3.250000000000000000e+00 7.223880597014925575e-03
3.300000000000000266e+00 7.132338308457710982e-03
3.350000000000000089e+00 7.019900497512436555e-03
3.400000000000000355e+00 6.933333333333333882e-03
3.450000000000000178e+00 6.855721393034826423e-03
3.500000000000000000e+00 6.784079601990050841e-03
3.549999999999999822e+00 6.705472636815919957e-03
3.600000000000000533e+00 6.631840796019900126e-03
3.650000000000000355e+00 6.547263681592039100e-03
3.700000000000000178e+00 6.466666666666665703e-03
3.750000000000000000e+00 6.398009950248756059e-03
3.799999999999999822e+00 6.326865671641790888e-03
3.850000000000000533e+00 6.264676616915422665e-03
3.900000000000000355e+00 6.203980099502487411e-03
3.950000000000000178e+00 6.137313432835821148e-03
4.000000000000000000e+00 6.066169154228855977e-03
4.049999999999999822e+00 5.999004975124378435e-03
4.100000000000000533e+00 5.945771144278607159e-03
4.150000000000000355e+00 5.894527363184080132e-03
4.200000000000000178e+00 5.843781094527363516e-03
4.250000000000000000e+00 5.790049751243780962e-03
4.300000000000000711e+00 5.738308457711442656e-03
4.350000000000000533e+00 5.681094527363184619e-03
4.400000000000000355e+00 5.621890547263681467e-03
4.450000000000000178e+00 5.569154228855721471e-03
4.500000000000000000e+00 5.522388059701491617e-03
4.550000000000000711e+00 5.480099502487563272e-03
4.600000000000000533e+00 5.436318407960197621e-03
4.650000000000000355e+00 5.393034825870644984e-03
4.700000000000000178e+00 5.347761194029850701e-03
4.750000000000000000e+00 5.294029850746268147e-03
4.800000000000000711e+00 5.239800995024875181e-03
4.850000000000000533e+00 5.196517412935323411e-03
4.900000000000000355e+00 5.157711442786069682e-03
4.950000000000000178e+00 5.115920398009950014e-03
5.000000000000000000e+00 5.076616915422885873e-03
5.050000000000000711e+00 5.038308457711443422e-03
5.100000000000000533e+00 5.001990049751242617e-03
5.150000000000000355e+00 4.962189054726367198e-03
5.200000000000000178e+00 4.906467661691542130e-03
5.250000000000000000e+00 4.869154228855721370e-03
5.300000000000000711e+00 4.836318407960199517e-03
5.350000000000000533e+00 4.798507462686567478e-03
5.400000000000000355e+00 4.770646766169154944e-03
5.450000000000000178e+00 4.734328358208955007e-03
5.500000000000000000e+00 4.706467661691542473e-03
5.550000000000000711e+00 4.672139303482587651e-03
5.600000000000000533e+00 4.635323383084577302e-03
5.650000000000000355e+00 4.589552238805970005e-03
5.700000000000000178e+00 4.557213930348258564e-03
5.750000000000000000e+00 4.522388059701492463e-03
5.800000000000000711e+00 4.492537313432835681e-03
5.850000000000000533e+00 4.464676616915423148e-03
5.900000000000000355e+00 4.440796019900497375e-03
5.950000000000000178e+00 4.414427860696516943e-03
6.000000000000000000e+00 4.381592039800995091e-03
6.050000000000000711e+00 4.348258706467661959e-03
6.100000000000000533e+00 4.318905472636816456e-03
6.150000000000000355e+00 4.282089552238806107e-03
6.200000000000000178e+00 4.258706467661691614e-03
6.250000000000000000e+00 4.232835820895522461e-03
6.300000000000000711e+00 4.207462686567163719e-03
6.350000000000000533e+00 4.179601990049751185e-03
6.400000000000000355e+00 4.159701492537313042e-03
6.450000000000000178e+00 4.131343283582090097e-03
6.500000000000000000e+00 4.111940298507462364e-03
6.550000000000000711e+00 4.085074626865671521e-03
6.600000000000000533e+00 4.061691542288557027e-03
6.650000000000000355e+00 4.030845771144278555e-03
6.700000000000000178e+00 4.005970149253731093e-03
6.750000000000000000e+00 3.978109452736318559e-03
6.800000000000000711e+00 3.952736318407961552e-03
6.850000000000000533e+00 3.940796019900497799e-03
6.900000000000000355e+00 3.918905472636816274e-03
6.950000000000000178e+00 3.900497512437811534e-03
7.000000000000000000e+00 3.885572139303483143e-03
7.050000000000000711e+00 3.865174129353234588e-03
7.100000000000000533e+00 3.850248756218906197e-03
7.150000000000000355e+00 3.827363184079602548e-03
7.200000000000000178e+00 3.800497512437811271e-03
7.250000000000000000e+00 3.778109452736318902e-03
7.300000000000000711e+00 3.757213930348259068e-03
7.350000000000000533e+00 3.740298507462686863e-03
7.400000000000000355e+00 3.729353233830846100e-03
7.450000000000000178e+00 3.715920398009950679e-03
7.500000000000000000e+00 3.700995024875621854e-03
7.550000000000000711e+00 3.691542288557214061e-03
7.599999999999999645e+00 3.678109452736318639e-03
7.650000000000000355e+00 3.661691542288557279e-03
7.700000000000001066e+00 3.649751243781094827e-03
7.750000000000000000e+00 3.635323383084576847e-03
7.800000000000000711e+00 3.608955223880597283e-03
7.849999999999999645e+00 3.593034825870646334e-03
7.900000000000000355e+00 3.580099502487562192e-03
7.950000000000001066e+00 3.568159203980099305e-03
8.000000000000000000e+00 3.557711442786068955e-03
8.050000000000000711e+00 3.550248756218905410e-03
8.099999999999999645e+00 3.539800995024875926e-03
8.150000000000000355e+00 3.527860696517412607e-03
8.200000000000001066e+00 3.522388059701492442e-03
8.250000000000000000e+00 3.512437810945273371e-03
8.300000000000000711e+00 3.500497512437810918e-03
8.349999999999999645e+00 3.488557213930348032e-03
8.400000000000000355e+00 3.467164179104476919e-03
8.450000000000001066e+00 3.456716417910447002e-03
8.500000000000000000e+00 3.445273631840795395e-03
8.550000000000000711e+00 3.440298507462686509e-03
8.599999999999999645e+00 3.433830845771143787e-03
8.650000000000000355e+00 3.429850746268656592e-03
8.700000000000001066e+00 3.425870646766168530e-03
8.750000000000000000e+00 3.423383084577114304e-03
8.800000000000000711e+00 3.418905472636816264e-03
8.849999999999999645e+00 3.415422885572139480e-03
8.900000000000000355e+00 3.410945273631840573e-03
8.950000000000001066e+00 3.408457711442785913e-03
9.000000000000000000e+00 3.403980099502487006e-03
9.050000000000000711e+00 3.395522388059701337e-03
9.100000000000001421e+00 3.383084577114427605e-03
9.150000000000000355e+00 3.382089552238805915e-03
9.200000000000001066e+00 3.381592039800995070e-03
9.250000000000000000e+00 3.381094527363183791e-03
9.300000000000000711e+00 3.381094527363183791e-03
9.350000000000001421e+00 3.382587064676616760e-03
9.400000000000000355e+00 3.387562189054726513e-03
9.450000000000001066e+00 3.392039800995024553e-03
