0.000000000000000000e+00 2.535999999999999921e-01
9.999999999999997780e-02 1.811000000000000110e-01
1.999999999999999556e-01 1.360000000000000098e-01
2.999999999999999334e-01 1.073000000000000065e-01
3.999999999999999112e-01 8.719999999999999973e-02
5.000000000000000000e-01 7.080000000000000182e-02
5.999999999999998668e-01 5.940000000000002223e-02
6.999999999999997335e-01 5.100000000000001060e-02
7.999999999999998224e-01 4.450000000000000483e-02
8.999999999999999112e-01 3.950000000000000039e-02
9.999999999999997780e-01 3.549999999999999684e-02
1.099999999999999645e+00 3.210000000000001047e-02
1.199999999999999734e+00 2.930000000000000659e-02
1.299999999999999822e+00 2.690000000000000724e-02
1.399999999999999689e+00 2.480000000000000260e-02
1.499999999999999556e+00 2.290000000000000716e-02
1.599999999999999645e+00 2.120000000000000703e-02
1.699999999999999734e+00 1.990000000000000449e-02
1.799999999999999378e+00 1.880000000000001115e-02
1.899999999999999467e+00 1.780000000000000332e-02
1.999999999999999556e+00 1.670000000000000304e-02
2.099999999999999645e+00 1.580000000000000501e-02
2.199999999999999289e+00 1.500000000000000812e-02
2.299999999999999378e+00 1.430000000000000715e-02
2.399999999999999467e+00 1.360000000000000098e-02
2.499999999999999556e+00 1.300000000000000287e-02
2.599999999999999645e+00 1.230000000000000537e-02
2.699999999999999289e+00 1.140000000000000561e-02
2.799999999999999378e+00 1.080000000000000404e-02
2.899999999999999467e+00 1.040000000000000126e-02
2.999999999999999112e+00 9.900000000000004283e-03
3.099999999999999201e+00 9.700000000000005493e-03
3.199999999999999289e+00 9.400000000000002104e-03
3.299999999999999378e+00 9.200000000000003314e-03
3.399999999999999467e+00 8.899999999999998190e-03
3.499999999999999556e+00 8.600000000000001740e-03
3.599999999999999201e+00 8.300000000000003555e-03
3.699999999999998845e+00 8.000000000000003636e-03
3.799999999999998490e+00 7.700000000000007186e-03
3.899999999999999023e+00 7.500000000000001457e-03
3.999999999999999556e+00 7.300000000000001800e-03
4.099999999999999645e+00 7.100000000000003010e-03
4.199999999999999289e+00 6.900000000000005955e-03
4.299999999999998934e+00 6.500000000000007508e-03
4.399999999999998579e+00 6.200000000000003252e-03
4.500000000000000000e+00 6.000000000000001860e-03
4.599999999999999645e+00 5.900000000000000730e-03
4.699999999999999289e+00 5.700000000000004542e-03
4.799999999999998934e+00 5.600000000000001678e-03
4.899999999999998579e+00 5.500000000000001416e-03
5.000000000000000000e+00 5.400000000000001153e-03
5.099999999999999645e+00 5.300000000000000891e-03
5.199999999999999289e+00 5.200000000000001496e-03
5.299999999999998934e+00 5.100000000000002968e-03
5.399999999999998579e+00 5.000000000000001839e-03
5.500000000000000000e+00 4.800000000000002182e-03
5.599999999999999645e+00 4.600000000000000790e-03
5.699999999999999289e+00 4.500000000000002262e-03
5.799999999999998934e+00 4.500000000000002262e-03
5.899999999999998579e+00 4.400000000000001132e-03
5.999999999999998224e+00 4.299999999999998268e-03
6.099999999999999645e+00 4.200000000000000608e-03
6.199999999999999289e+00 4.200000000000002343e-03
6.299999999999998934e+00 4.100000000000000346e-03
6.399999999999998579e+00 4.100000000000002080e-03
6.499999999999998224e+00 3.999999999999997481e-03
6.599999999999999645e+00 3.900000000000000688e-03
6.699999999999999289e+00 3.899999999999999387e-03
6.799999999999998934e+00 3.800000000000002161e-03
6.899999999999998579e+00 3.800000000000002594e-03
6.999999999999998224e+00 3.699999999999999730e-03
7.099999999999999645e+00 3.700000000000001031e-03
7.199999999999999289e+00 3.599999999999999468e-03
7.299999999999998934e+00 3.599999999999999468e-03
7.399999999999998579e+00 3.500000000000002241e-03
7.499999999999998224e+00 3.500000000000000507e-03
7.599999999999997868e+00 3.500000000000004410e-03
7.699999999999999289e+00 3.399999999999998943e-03
7.799999999999998934e+00 3.399999999999999377e-03
7.899999999999998579e+00 3.400000000000000244e-03
7.999999999999998224e+00 3.400000000000001979e-03
8.099999999999997868e+00 3.299999999999999115e-03
8.199999999999997513e+00 3.300000000000003451e-03
8.299999999999998934e+00 3.100000000000001626e-03
8.399999999999998579e+00 3.099999999999999891e-03
8.499999999999998224e+00 3.100000000000000325e-03
8.599999999999997868e+00 3.099999999999999457e-03
8.699999999999997513e+00 3.100000000000000325e-03
8.799999999999997158e+00 3.099999999999999891e-03
8.899999999999998579e+00 3.099999999999999457e-03
8.999999999999998224e+00 3.099999999999999891e-03
9.099999999999997868e+00 3.099999999999999891e-03
9.199999999999997513e+00 3.099999999999999891e-03
9.299999999999997158e+00 3.099999999999999891e-03
9.399999999999998579e+00 3.100000000002023012e-03
9.499999999999998224e+00 3.100000000020231104e-03
9.599999999999997868e+00 3.100000000070809135e-03
9.699999999999997513e+00 3.100000000169942510e-03
9.799999999999997158e+00 3.100000000333815765e-03
9.899999999999998579e+00 3.100000000578614304e-03
9.999999999999998224e+00 3.100000000920522664e-03
1.009999999999999787e+01 3.100000001375726247e-03
1.019999999999999751e+01 3.100000001960410024e-03
1.029999999999999716e+01 3.100000002690758965e-03
1.039999999999999858e+01 3.100000003582958040e-03
1.049999999999999822e+01 3.100000004653192219e-03
1.059999999999999787e+01 3.100000005917646472e-03
1.069999999999999751e+01 3.100000007392506203e-03
1.079999999999999716e+01 3.100000009093955948e-03
1.089999999999999680e+01 3.100000011038181111e-03
1.099999999999999822e+01 3.100000013241366661e-03
1.109999999999999787e+01 3.100000015719697136e-03
1.119999999999999751e+01 3.100000018489358373e-03
1.129999999999999716e+01 3.100000021566534474e-03
1.139999999999999680e+01 3.100000024967411276e-03
1.149999999999999822e+01 3.100000028708172883e-03
1.159999999999999787e+01 3.100000032805005565e-03
1.169999999999999751e+01 3.100000037274092991e-03
1.179999999999999716e+01 3.100000042131621433e-03
1.189999999999999680e+01 3.100000047393774560e-03
1.199999999999999645e+01 3.100000053076738642e-03
1.209999999999999787e+01 3.100000059196698216e-03
1.219999999999999751e+01 3.100000065769837818e-03
1.229999999999999716e+01 3.100000072812343285e-03
1.239999999999999680e+01 3.100000080340399155e-03
1.249999999999999645e+01 3.100000088370190397e-03
1.259999999999999787e+01 3.100000096917902414e-03
1.269999999999999751e+01 3.100000105999719743e-03
1.279999999999999716e+01 3.100000115631827789e-03
1.289999999999999680e+01 3.100000125830411520e-03
1.299999999999999645e+01 3.100000136611655473e-03
1.309999999999999787e+01 3.100000147991745485e-03
1.319999999999999751e+01 3.100000159986865660e-03
1.329999999999999716e+01 3.100000172613201835e-03
1.339999999999999680e+01 3.100000185886938545e-03
1.349999999999999645e+01 3.100000199824260762e-03
1.359999999999999787e+01 3.100000214441353888e-03
1.369999999999999751e+01 3.100000229754402894e-03
1.379999999999999716e+01 3.100000245779592316e-03
1.389999999999999680e+01 3.100000262533107558e-03
1.399999999999999645e+01 3.100000280031133589e-03
1.409999999999999609e+01 3.100000298289855381e-03
1.419999999999999751e+01 3.100000317325458336e-03
1.429999999999999716e+01 3.100000337154126557e-03
1.439999999999999680e+01 3.100000357792045882e-03
1.449999999999999645e+01 3.100000379255400847e-03
1.459999999999999609e+01 3.100000401560376855e-03
1.469999999999999751e+01 3.100000424723158877e-03
1.479999999999999716e+01 3.100000448759931450e-03
1.489999999999999680e+01 3.100000473686880410e-03
1.499999999999999645e+01 3.100000499520189860e-03
1.509999999999999609e+01 3.100000526276045637e-03
1.519999999999999574e+01 3.100000553970631845e-03
1.529999999999999716e+01 3.100000582620134320e-03
1.539999999999999680e+01 3.100000612240738033e-03
1.549999999999999822e+01 3.100000642848627520e-03
1.559999999999999609e+01 3.100000674459987750e-03
1.569999999999999751e+01 3.100000707091004563e-03
1.579999999999999893e+01 3.100000740757862059e-03
1.589999999999999680e+01 3.100000775476745643e-03
1.599999999999999822e+01 3.100000811263840719e-03
1.609999999999999787e+01 3.100000848135331388e-03
1.619999999999999574e+01 3.100000886107403490e-03
1.629999999999999716e+01 3.100000925196241559e-03
1.639999999999999503e+01 3.100000965418030999e-03
1.649999999999999645e+01 3.100001006788956348e-03
1.659999999999999787e+01 3.100001049325203442e-03
1.669999999999999574e+01 3.100001093042955951e-03
1.679999999999999716e+01 3.100001137958400144e-03
1.689999999999999503e+01 3.100001184087720560e-03
1.699999999999999645e+01 3.100001231447102167e-03
1.709999999999999787e+01 3.100001280052730370e-03
1.719999999999999574e+01 3.100001329920789271e-03
1.729999999999999716e+01 3.100001381067465141e-03
1.739999999999999503e+01 3.100001433508942084e-03
1.749999999999999645e+01 3.100001487261405068e-03
1.759999999999999432e+01 3.100001542341039498e-03
1.769999999999999574e+01 3.100001598764030777e-03
1.779999999999999716e+01 3.100001656546563008e-03
1.789999999999999503e+01 3.100001715704821595e-03
1.799999999999999645e+01 3.100001776254991941e-03
1.809999999999999432e+01 3.100001838213258584e-03
1.819999999999999574e+01 3.100001901595806492e-03
1.829999999999999716e+01 3.100001966418821069e-03
1.839999999999999503e+01 3.100002032698486853e-03
1.849999999999999645e+01 3.100002100450989680e-03
1.859999999999999432e+01 3.100002169692513652e-03
1.869999999999999574e+01 3.100002240439244175e-03
1.879999999999999716e+01 3.100002312707366217e-03
1.889999999999999503e+01 3.100002386513065183e-03
1.899999999999999645e+01 3.100002461872525608e-03
1.909999999999999432e+01 3.100002538801932463e-03
1.919999999999999574e+01 3.100002617317471152e-03
1.929999999999999716e+01 3.100002697435326211e-03
1.939999999999999503e+01 3.100002779171683043e-03
1.949999999999999645e+01 3.100002862542726619e-03
1.959999999999999432e+01 3.100002947564641908e-03
1.969999999999999574e+01 3.100003034253613881e-03
1.979999999999999716e+01 3.100003122625827508e-03
1.989999999999999503e+01 3.100003212697467758e-03
1.999999999999999645e+01 3.100003304484720036e-03
2.009999999999999432e+01 3.100003398003768878e-03
2.019999999999999574e+01 3.100003493270799687e-03
2.029999999999999716e+01 3.100003590301997434e-03
2.039999999999999503e+01 3.100003689113546654e-03
2.049999999999999645e+01 3.100003789721632319e-03
2.059999999999999432e+01 3.100003892142440699e-03
2.069999999999999574e+01 3.100003996392155462e-03
2.079999999999999716e+01 3.100004102486962447e-03
2.089999999999999503e+01 3.100004210443046190e-03
2.099999999999999645e+01 3.100004320276591660e-03
2.109999999999999432e+01 3.100004432003784262e-03
2.119999999999999574e+01 3.100004545640808965e-03
2.129999999999999361e+01 3.100004661203850306e-03
2.139999999999999503e+01 3.100004778709093689e-03
2.149999999999999645e+01 3.100004898172724517e-03
2.159999999999999432e+01 3.100005019610926893e-03
2.169999999999999574e+01 3.100005143039886654e-03
2.179999999999999361e+01 3.100005268475788337e-03
2.189999999999999503e+01 3.100005395934816912e-03
2.199999999999999645e+01 3.100005525433157782e-03
2.209999999999999432e+01 3.100005656986995484e-03
2.219999999999999574e+01 3.100005790612515421e-03
2.229999999999999361e+01 3.100005926325902564e-03
2.239999999999999503e+01 3.100006064143341882e-03
2.249999999999999645e+01 3.100006204081018780e-03
2.259999999999999432e+01 3.100006346155117359e-03
2.269999999999999574e+01 3.100006490381823025e-03
2.279999999999999361e+01 3.100006636777321179e-03
2.289999999999999503e+01 3.100006785357796793e-03
2.299999999999999645e+01 3.100006936139434403e-03
2.309999999999999432e+01 3.100007089138418978e-03
2.319999999999999574e+01 3.100007244370936357e-03
2.329999999999999361e+01 3.100007401853170641e-03
2.339999999999999503e+01 3.100007561601307669e-03
2.349999999999999645e+01 3.100007723631531542e-03
2.359999999999999432e+01 3.100007887960028099e-03
2.369999999999999574e+01 3.100008054602981875e-03
2.379999999999999361e+01 3.100008223576578275e-03
2.389999999999999503e+01 3.100008394897001834e-03
2.399999999999999289e+01 3.100008568580437957e-03
2.409999999999999432e+01 3.100008744643071613e-03
2.419999999999999574e+01 3.100008923101087339e-03
2.429999999999999361e+01 3.100009103970670973e-03
2.439999999999999503e+01 3.100009287268007049e-03
2.449999999999999289e+01 3.100009473009280106e-03
2.459999999999999432e+01 3.100009661210676414e-03
2.469999999999999574e+01 3.100009851888379641e-03
2.479999999999999361e+01 3.100010045058575626e-03
2.489999999999999503e+01 3.100010240737449338e-03
2.499999999999999289e+01 3.100010438941185748e-03
2.509999999999999432e+01 3.100010639685969391e-03
2.519999999999999574e+01 3.100010842987985672e-03
2.529999999999999361e+01 3.100011048863419993e-03
2.539999999999999503e+01 3.100011257328456459e-03
2.549999999999999289e+01 3.100011468399280906e-03
2.559999999999999432e+01 3.100011682092077871e-03
2.569999999999999574e+01 3.100011898423032757e-03
2.579999999999999361e+01 3.100012117408330100e-03
2.589999999999999503e+01 3.100012339064155305e-03
2.599999999999999289e+01 3.100012563406693341e-03
2.609999999999999432e+01 3.100012790452129179e-03
2.619999999999999574e+01 3.100013020216647788e-03
2.629999999999999361e+01 3.100013252716434138e-03
2.639999999999999503e+01 3.100013487967673200e-03
2.649999999999999289e+01 3.100013725986550377e-03
2.659999999999999432e+01 3.100013966789250206e-03
2.669999999999999574e+01 3.100014210391957657e-03
2.679999999999999361e+01 3.100014456810858566e-03
2.689999999999999503e+01 3.100014706062137037e-03
2.699999999999999289e+01 3.100014958161978473e-03
2.709999999999999432e+01 3.100015213126567411e-03
2.719999999999999574e+01 3.100015470972090122e-03
2.729999999999999361e+01 3.100015731714730275e-03
2.739999999999999503e+01 3.100015995370673273e-03
2.749999999999999289e+01 3.100016261956104521e-03
2.759999999999999432e+01 3.100016531487208987e-03
2.769999999999999218e+01 3.100016803980171209e-03
2.779999999999999361e+01 3.100017079451176591e-03
2.789999999999999503e+01 3.100017357916410102e-03
2.799999999999999289e+01 3.100017639392056712e-03
2.809999999999999432e+01 3.100017923894301392e-03
2.819999999999999218e+01 3.100018211439329111e-03
2.829999999999999361e+01 3.100018502043324839e-03
2.839999999999999503e+01 3.100018795722473981e-03
2.849999999999999289e+01 3.100019092492961072e-03
2.859999999999999432e+01 3.100019392370971516e-03
2.869999999999999218e+01 3.100019695372689850e-03
2.879999999999999361e+01 3.100020001514301911e-03
2.889999999999999503e+01 3.100020310811991801e-03
2.899999999999999289e+01 3.100020623281944925e-03
2.909999999999999432e+01 3.100020938940346686e-03
2.919999999999999218e+01 3.100021257803381187e-03
2.929999999999999361e+01 3.100021579887234265e-03
2.939999999999999503e+01 3.100021905208090889e-03
2.949999999999999289e+01 3.100022233782135598e-03
2.959999999999999432e+01 3.100022565625553794e-03
2.969999999999999218e+01 3.100022900754530446e-03
2.979999999999999361e+01 3.100023239185250093e-03
2.989999999999999503e+01 3.100023580933898570e-03
2.999999999999999289e+01 3.100023926016659982e-03
3.009999999999999432e+01 3.100024274449720164e-03
3.019999999999999218e+01 3.100024626249263653e-03
3.029999999999999361e+01 3.100024981431475854e-03
3.039999999999999147e+01 3.100025340012541302e-03
3.049999999999999289e+01 3.100025702008645401e-03
3.059999999999999432e+01 3.100026067435972688e-03
3.069999999999999218e+01 3.100026436310709000e-03
3.079999999999999361e+01 3.100026808649038439e-03
3.089999999999999147e+01 3.100027184467146844e-03
3.099999999999999289e+01 3.100027563781218316e-03
3.109999999999999432e+01 3.100027946607438693e-03
3.119999999999999218e+01 3.100028332961992511e-03
3.129999999999999361e+01 3.100028722861065174e-03
3.139999999999999147e+01 3.100029116320841653e-03
3.149999999999999289e+01 3.100029513357506483e-03
3.159999999999999432e+01 3.100029913987245068e-03
3.169999999999998863e+01 3.100030318226242379e-03
3.179999999999999005e+01 3.100030726090683385e-03
3.189999999999999147e+01 3.100031137596753056e-03
3.199999999999999289e+01 3.100031552760636362e-03
3.209999999999999432e+01 3.100031971598518708e-03
3.219999999999999574e+01 3.100032394126584628e-03
3.229999999999999005e+01 3.100032820361019528e-03
3.239999999999999147e+01 3.100033250318008377e-03
3.249999999999999289e+01 3.100033684013735712e-03
3.259999999999999432e+01 3.100034121464386935e-03
3.269999999999999574e+01 3.100034562686147452e-03
3.279999999999999005e+01 3.100035007695201364e-03
3.289999999999999147e+01 3.100035456507734075e-03
3.299999999999999289e+01 3.100035909139930990e-03
3.309999999999999432e+01 3.100036365607977077e-03
3.319999999999999574e+01 3.100036825928056874e-03
3.329999999999999005e+01 3.100037290116355350e-03
3.339999999999999147e+01 3.100037758189057909e-03
3.349999999999999289e+01 3.100038230162349955e-03
3.359999999999999432e+01 3.100038706052415591e-03
3.369999999999999574e+01 3.100039185875440220e-03
3.379999999999999005e+01 3.100039669647608812e-03
3.389999999999999147e+01 3.100040157385106770e-03
3.399999999999999289e+01 3.100040649104118633e-03
3.409999999999999432e+01 3.100041144820829802e-03
3.419999999999999574e+01 3.100041644551424815e-03
3.429999999999999005e+01 3.100042148312089074e-03
3.439999999999999147e+01 3.100042656119007551e-03
3.449999999999999289e+01 3.100043167988365215e-03
3.459999999999999432e+01 3.100043683936347036e-03
3.469999999999999574e+01 3.100044203979137551e-03
3.479999999999999005e+01 3.100044728132923030e-03
3.489999999999999147e+01 3.100045256413887142e-03
3.499999999999999289e+01 3.100045788838215726e-03
3.509999999999999432e+01 3.100046325422093751e-03
3.519999999999998863e+01 3.100046866181705753e-03
3.529999999999999005e+01 3.100047411133237570e-03
3.539999999999999147e+01 3.100047960292873304e-03
3.549999999999999289e+01 3.100048513676798359e-03
3.559999999999999432e+01 3.100049071301197706e-03
3.569999999999998863e+01 3.100049633182256313e-03
3.579999999999999005e+01 3.100050199336159586e-03
3.589999999999999147e+01 3.100050769779092059e-03
3.599999999999999289e+01 3.100051344527239138e-03
3.609999999999999432e+01 3.100051923596785792e-03
3.619999999999998863e+01 3.100052507003916557e-03
3.629999999999999005e+01 3.100053094764816837e-03
3.639999999999999147e+01 3.100053686895671602e-03
3.649999999999999289e+01 3.100054283412665822e-03
3.659999999999999432e+01 3.100054884331984902e-03
3.669999999999998863e+01 3.100055489669812942e-03
3.679999999999999005e+01 3.100056099442335782e-03
3.689999999999999147e+01 3.100056713665738390e-03
3.699999999999999289e+01 3.100057332356205304e-03
3.709999999999999432e+01 3.100057955529921926e-03
3.719999999999998863e+01 3.100058583203073228e-03
3.729999999999999005e+01 3.100059215391844179e-03
3.739999999999999147e+01 3.100059852112419315e-03
3.749999999999999289e+01 3.100060493380984473e-03
3.759999999999999432e+01 3.100061139213724191e-03
3.769999999999998863e+01 3.100061789626823872e-03
3.779999999999999005e+01 3.100062444636468052e-03
3.789999999999999147e+01 3.100063104258842135e-03
3.799999999999999289e+01 3.100063768510130657e-03
3.809999999999999432e+01 3.100064437406519022e-03
3.819999999999998863e+01 3.100065110964192201e-03
3.829999999999999005e+01 3.100065789199335595e-03
3.839999999999999147e+01 3.100066472128133310e-03
3.849999999999999289e+01 3.100067159766770747e-03
3.859999999999999432e+01 3.100067852131433311e-03
3.869999999999998863e+01 3.100068549238305538e-03
3.879999999999999005e+01 3.100069251103572832e-03
3.889999999999999147e+01 3.100069957743420163e-03
3.899999999999999289e+01 3.100070669174032068e-03
3.909999999999999432e+01 3.100071385411593949e-03
3.919999999999998863e+01 3.100072106472290777e-03
3.929999999999999005e+01 3.100072832372307956e-03
3.939999999999999147e+01 3.100073563127829588e-03
3.949999999999999289e+01 3.100074298755041511e-03
3.959999999999999432e+01 3.100075039270128261e-03
3.969999999999998863e+01 3.100075784689275242e-03
3.979999999999999005e+01 3.100076535028666990e-03
3.989999999999999147e+01 3.100077290304488909e-03
3.999999999999999289e+01 3.100078050532925969e-03
