0.000000000000000000e+00 1.981443708609271770e-01
5.000000000000004441e-02 1.713821192052980280e-01
1.000000000000000888e-01 1.496867549668874364e-01
1.500000000000000222e-01 1.333145695364238437e-01
2.000000000000000666e-01 1.205384105960265184e-01
2.500000000000000000e-01 1.103814569536424040e-01
3.000000000000000444e-01 1.011907284768211734e-01
3.500000000000000888e-01 9.346291390728476978e-02
4.000000000000000222e-01 8.694569536423840672e-02
4.500000000000000666e-01 8.172582781456952383e-02
5.000000000000000000e-01 7.673708609271523429e-02
5.500000000000000444e-01 7.090198675496688085e-02
6.000000000000000888e-01 6.592582781456954311e-02
6.500000000000001332e-01 6.138278145695363203e-02
7.000000000000001776e-01 5.795960264900661824e-02
7.500000000000000000e-01 5.507682119205298960e-02
8.000000000000000444e-01 5.249470198675496024e-02
8.500000000000000888e-01 5.072317880794702250e-02
9.000000000000001332e-01 4.914503311258278800e-02
9.500000000000001776e-01 4.778278145695363799e-02
1.000000000000000000e+00 4.678211920529801171e-02
1.050000000000000044e+00 4.597086092715232247e-02
1.100000000000000089e+00 4.533377483443708222e-02
1.150000000000000133e+00 4.495496688741721508e-02
1.200000000000000178e+00 4.475562913907284862e-02
1.250000000000000000e+00 4.474768211920530231e-02
1.300000000000000044e+00 4.472980132450330576e-02
1.350000000000000089e+00 4.463178807947019988e-02
1.400000000000000133e+00 4.459006622516556440e-02
1.450000000000000178e+00 4.475165562913907547e-02
1.500000000000000000e+00 4.458278145695363653e-02
1.550000000000000266e+00 4.444966887417218376e-02
1.600000000000000089e+00 4.458278145695363653e-02
1.649999999999999911e+00 4.460264900662251619e-02
1.700000000000000178e+00 4.433841059602649376e-02
1.750000000000000000e+00 4.404966887417218618e-02
1.800000000000000266e+00 4.367350993377483448e-02
1.850000000000000089e+00 4.302450331125828170e-02
1.900000000000000355e+00 4.226026490066225189e-02
1.950000000000000178e+00 4.136622516556291013e-02
2.000000000000000000e+00 4.033907284768212254e-02
2.050000000000000266e+00 3.924370860927152427e-02
2.100000000000000089e+00 3.803046357615893353e-02
2.150000000000000355e+00 3.681986754966887210e-02
2.200000000000000178e+00 3.550927152317880781e-02
2.250000000000000000e+00 3.414701986754967167e-02
2.300000000000000266e+00 3.276423841059602354e-02
2.350000000000000089e+00 3.141721854304636158e-02
2.400000000000000355e+00 3.010662251655629035e-02
2.450000000000000178e+00 2.873046357615894122e-02
2.500000000000000000e+00 2.723973509933774739e-02
2.550000000000000266e+00 2.575364238410595558e-02
2.600000000000000089e+00 2.440132450331125580e-02
2.650000000000000355e+00 2.312384105960265182e-02
2.700000000000000178e+00 2.190264900662251477e-02
2.750000000000000000e+00 2.063907284768211683e-02
2.800000000000000266e+00 1.946357615894039883e-02
2.850000000000000089e+00 1.843245033112582421e-02
2.900000000000000355e+00 1.757748344370861290e-02
2.950000000000000178e+00 1.677682119205298195e-02
3.000000000000000000e+00 1.602119205298013424e-02
3.050000000000000266e+00 1.523774834437086056e-02
3.100000000000000089e+00 1.452384105960264835e-02
3.150000000000000355e+00 1.388211920529801302e-02
3.200000000000000178e+00 1.332119205298013496e-02
3.250000000000000000e+00 1.278476821192052991e-02
3.300000000000000266e+00 1.227814569536423914e-02
3.350000000000000089e+00 1.175364238410596049e-02
3.400000000000000355e+00 1.122450331125827809e-02
3.450000000000000178e+00 1.077417218543046291e-02
3.500000000000000000e+00 1.035827814569536230e-02
3.549999999999999822e+00 9.982119205298012332e-03
3.600000000000000533e+00 9.615231788079469863e-03
3.650000000000000355e+00 9.247682119205298534e-03
3.700000000000000178e+00 8.897350993377484488e-03
3.750000000000000000e+00 8.557615894039735660e-03
3.799999999999999822e+00 8.272185430463575850e-03
3.850000000000000533e+00 8.008609271523180542e-03
3.900000000000000355e+00 7.759602649006621874e-03
3.950000000000000178e+00 7.495364238410595105e-03
4.000000000000000000e+00 7.245033112582780453e-03
4.049999999999999822e+00 7.001986754966888458e-03
4.100000000000000533e+00 6.776158940397352011e-03
4.150000000000000355e+00 6.573509933774834314e-03
4.200000000000000178e+00 6.387417218543046775e-03
4.250000000000000000e+00 6.220529801324503096e-03
4.300000000000000711e+00 6.050331125827814252e-03
4.350000000000000533e+00 5.890066225165562636e-03
4.400000000000000355e+00 5.723178807947020691e-03
4.450000000000000178e+00 5.565562913907284512e-03
4.500000000000000000e+00 5.425827814569537076e-03
4.550000000000000711e+00 5.286754966887415898e-03
4.600000000000000533e+00 5.172847682119206120e-03
4.650000000000000355e+00 5.054966887417217981e-03
4.700000000000000178e+00 4.928476821192052937e-03
4.750000000000000000e+00 4.825165562913906643e-03
4.800000000000000711e+00 4.718543046357615185e-03
4.850000000000000533e+00 4.618543046357615790e-03
4.900000000000000355e+00 4.517880794701986669e-03
4.950000000000000178e+00 4.436423841059603142e-03
5.000000000000000000e+00 4.363576158940396521e-03
5.050000000000000711e+00 4.290066225165562776e-03
5.100000000000000533e+00 4.223178807947019359e-03
5.150000000000000355e+00 4.149006622516556754e-03
5.200000000000000178e+00 4.078145695364239313e-03
5.250000000000000000e+00 4.011920529801323888e-03
5.300000000000000711e+00 3.945695364238410198e-03
5.350000000000000533e+00 3.887417218543046289e-03
5.400000000000000355e+00 3.824503311258278197e-03
5.450000000000000178e+00 3.768874172185430593e-03
5.500000000000000000e+00 3.709271523178808098e-03
5.550000000000000711e+00 3.656953642384106092e-03
5.600000000000000533e+00 3.605298013245032945e-03
5.650000000000000355e+00 3.564900662251655611e-03
5.700000000000000178e+00 3.509933774834437300e-03
5.750000000000000000e+00 3.474172185430463283e-03
5.800000000000000711e+00 3.429139072847682199e-03
5.850000000000000533e+00 3.395364238410596494e-03
5.900000000000000355e+00 3.360264900662252203e-03
5.950000000000000178e+00 3.325827814569537206e-03
6.000000000000000000e+00 3.287417218543046884e-03
6.050000000000000711e+00 3.262251655629139387e-03
6.100000000000000533e+00 3.230463576158940694e-03
6.150000000000000355e+00 3.194039735099338251e-03
6.200000000000000178e+00 3.162913907284768417e-03
6.250000000000000000e+00 3.135099337748343748e-03
6.300000000000000711e+00 3.096688741721853860e-03
6.350000000000000533e+00 3.069536423841059351e-03
6.400000000000000355e+00 3.046357615894039299e-03
6.450000000000000178e+00 3.016556291390728485e-03
6.500000000000000000e+00 2.986754966887416804e-03
6.550000000000000711e+00 2.964900662251655338e-03
6.600000000000000533e+00 2.937748344370860829e-03
6.650000000000000355e+00 2.919867549668874688e-03
6.700000000000000178e+00 2.896026490066225343e-03
6.750000000000000000e+00 2.872847682119204858e-03
6.800000000000000711e+00 2.850993377483443825e-03
6.850000000000000533e+00 2.829139072847681492e-03
6.900000000000000355e+00 2.811920529801324210e-03
6.950000000000000178e+00 2.794039735099338069e-03
7.000000000000000000e+00 2.774834437086092474e-03
7.050000000000000711e+00 2.757615894039735192e-03
7.100000000000000533e+00 2.739072847682118891e-03
7.150000000000000355e+00 2.723841059602649488e-03
7.200000000000000178e+00 2.708609271523179218e-03
7.250000000000000000e+00 2.688741721854304764e-03
7.300000000000000711e+00 2.673509933774834927e-03
7.350000000000000533e+00 2.662251655629139114e-03
7.400000000000000355e+00 2.647682119205298137e-03
7.450000000000000178e+00 2.624503311258278085e-03
7.500000000000000000e+00 2.609933774834437108e-03
7.550000000000000711e+00 2.596026490066225424e-03
7.599999999999999645e+00 2.582781456953642599e-03
7.650000000000000355e+00 2.570860927152317926e-03
7.700000000000001066e+00 2.560927152317881133e-03
7.750000000000000000e+00 2.546357615894040156e-03
7.800000000000000711e+00 2.539072847682118800e-03
7.849999999999999645e+00 2.527814569536424288e-03
7.900000000000000355e+00 2.521192052980132658e-03
7.950000000000001066e+00 2.513245033112583311e-03
8.000000000000000000e+00 2.507947019867548966e-03
8.050000000000000711e+00 2.498013245033112173e-03
8.099999999999999645e+00 2.491390728476820977e-03
8.150000000000000355e+00 2.478807947019867446e-03
8.200000000000001066e+00 2.468211920529800926e-03
8.250000000000000000e+00 2.462913907284768316e-03
8.300000000000000711e+00 2.455629139072846960e-03
8.349999999999999645e+00 2.450331125827814351e-03
8.400000000000000355e+00 2.444370860927152014e-03
8.450000000000001066e+00 2.437748344370860819e-03
8.500000000000000000e+00 2.430463576158940330e-03
8.550000000000000711e+00 2.426490066225165873e-03
8.599999999999999645e+00 2.423841059602649135e-03
8.650000000000000355e+00 2.421192052980132830e-03
8.700000000000001066e+00 2.415231788079470494e-03
8.750000000000000000e+00 2.407947019867550005e-03
8.800000000000000711e+00 2.402649006622516528e-03
8.849999999999999645e+00 2.403311258278145821e-03
8.900000000000000355e+00 2.401324503311258376e-03
8.950000000000001066e+00 2.394039735099337887e-03
9.000000000000000000e+00 2.392715231788079735e-03
9.050000000000000711e+00 2.392715231788079735e-03
9.100000000000001421e+00 2.388079470198675551e-03
9.150000000000000355e+00 2.384105960264901094e-03
9.200000000000001066e+00 2.384105960264901094e-03
9.250000000000000000e+00 2.384105960264900660e-03
9.300000000000000711e+00 2.384105960264901094e-03
9.350000000000001421e+00 2.387417218543046692e-03
9.400000000000000355e+00 2.382781456953642508e-03
9.450000000000001066e+00 2.379470198675496910e-03
