 272.71598667   10.72540353   -6.41905404
 272.72309575   10.73106833   -6.46908900
 272.73020510   10.73673297   -6.51912397
 272.73731472   10.74239745   -6.56915893
 272.74442460   10.74806177   -6.61919390
 272.75153475   10.75372593   -6.68714816
 272.75864517   10.75938992   -6.73801910
 272.76575585   10.76505375   -6.78803289
 272.77286680   10.77071742   -6.82339959
 272.77997802   10.77638093   -6.87014927
 272.78708950   10.78204428   -6.93048701
 272.79420126   10.78770746   -7.00583288
 272.80131328   10.79337048   -7.07330263
 272.80842557   10.79903334   -7.14013988
 272.81553813   10.80469604   -7.22575052
 272.82265095   10.81035857   -7.31495475
 272.82976405   10.81602094   -7.41173041
 272.83687741   10.82168315   -7.51581578
 272.84399104   10.82734520   -7.63880616
 272.85110494   10.83300708   -7.76542992
 272.85821911   10.83866880   -7.89005183
 272.86533355   10.84433036   -8.00640182
 272.87244826   10.84999175   -8.13842782
 272.87956324   10.85565298   -8.28274295
 272.88667848   10.86131405   -8.42478301
 272.89379400   10.86697495   -8.58759639
 272.90090979   10.87263569   -8.74261894
 272.90802584   10.87829627   -8.90243439
 272.91514217   10.88395668   -9.05332301
 272.92225877   10.88961693   -9.19806288
 272.92937564   10.89527701   -9.37362304
 272.93649278   10.90093693   -9.55162232
 272.94361018   10.90659669   -9.71515676
 272.95072787   10.91225628   -9.90536201
 272.95784582   10.91791571  -10.09287666
 272.96496404   10.92357497  -10.25765931
 272.97208253   10.92923407  -10.42331217
 272.97920130   10.93489300  -10.60377117
 272.98632034   10.94055177  -10.81495210
 272.99343965   10.94621037  -11.02846219
 273.00055923   10.95186881  -11.21114750
 273.00767908   10.95752709  -11.43601270
 273.01479921   10.96318519  -11.66918453
 273.02191960   10.96884314  -11.86383905
 273.02904028   10.97450092  -12.06269532
 273.03616122   10.98015853  -12.29743635
 273.04328244   10.98581598  -12.54989000
 273.05040392   10.99147326  -12.79471720
 273.05752569   10.99713038  -13.02453358
 273.06464772   11.00278733  -13.28570157
 273.07177003   11.00844411  -13.54691466
 273.07889261   11.01410073  -13.78993889
 273.08601547   11.01975718  -14.02816903
 273.09313860   11.02541347  -14.30966519
 273.10026200   11.03106959  -14.58533687
 273.10738568   11.03672554  -14.85893454
 273.11450964   11.04238133  -15.11996912
 273.12163386   11.04803695  -15.41229043
 273.12875837   11.05369241  -15.70593729
 273.13588314   11.05934769  -15.98602718
 273.14300819   11.06500281  -16.28634876
 273.15013352   11.07065777  -16.60537544
 273.15725912   11.07631255  -16.93462752
 273.16438500   11.08196717  -17.23833228
 273.17151115   11.08762163  -17.54655598
 273.17863758   11.09327591  -17.90230650
 273.18576428   11.09893003  -18.26319384
 273.19289126   11.10458398  -18.59322365
 273.20001852   11.11023776  -18.96879828
 273.20714605   11.11589138  -19.35968556
 273.21427386   11.12154483  -19.72625033
 273.22140195   11.12719811  -20.05536485
 273.22853031   11.13285122  -20.41085298
 273.23565895   11.13850416  -20.82695889
 273.24278786   11.14415694  -21.24698717
 273.24991705   11.14980955  -21.60408818
 273.25704652   11.15546198  -22.04135411
 273.26417627   11.16111426  -22.48009911
 273.27130630   11.16676636  -22.87218161
 273.27843660   11.17241829  -23.25433040
 273.28556718   11.17807006  -23.67872946
 273.29269804   11.18372165  -24.13606379
 273.29982917   11.18937308  -24.60148314
 273.30696059   11.19502434  -25.03505221
 273.31409228   11.20067543  -25.52519302
 273.32122425   11.20632635  -26.01580556
 273.32835651   11.21197710  -26.47003975
 273.33548903   11.21762768  -26.93337022
 273.34262184   11.22327809  -27.45217378
 273.34975493   11.22892834  -27.96079084
 273.35688830   11.23457841  -28.48311683
 273.36402194   11.24022831  -28.98119657
 273.37115587   11.24587805  -29.50792835
 273.37829008   11.25152761  -30.04675369
 273.38542456   11.25717700  -30.53378165
 273.39255933   11.26282623  -31.06832653
 273.39969437   11.26847528  -31.63036272
 273.40682970   11.27412416  -32.20518434
 273.41396531   11.27977288  -32.71106558
 273.42110119   11.28542142  -33.24143109
 273.42823736   11.29106979  -33.84874298
 273.43537381   11.29671799  -34.46492733
 273.44251054   11.30236602  -35.02559696
 273.44964755   11.30801388  -35.64547232
 273.45678484   11.31366157  -36.31302298
 273.46392242   11.31930909  -36.93021414
 273.47106027   11.32495643  -37.47333719
 273.47819841   11.33060361  -38.02776399
 273.48533683   11.33625061  -38.72130067
 273.49247553   11.34189744  -39.40020214
 273.49961452   11.34754410  -39.97156832
 273.50675378   11.35319059  -40.66464636
 273.51389333   11.35883691  -41.35807236
 273.52103316   11.36448306  -41.97577866
 273.52817328   11.37012903  -42.57123668
 273.53531367   11.37577483  -43.18169492
 273.54245435   11.38142046  -43.88852355
 273.54959532   11.38706592  -44.62333811
 273.55673656   11.39271120  -45.28249211
 273.56387810   11.39835632  -46.02232932
 273.57101991   11.40400126  -46.76277446
 273.57816201   11.40964602  -47.41345744
 273.58530439   11.41529062  -48.11013948
 273.59244706   11.42093504  -48.88433163
 273.59959001   11.42657929  -49.64302453
 273.60673324   11.43222337  -50.45636142
 273.61387676   11.43786727  -51.18920843
 273.62102057   11.44351100  -51.96486374
 273.62816466   11.44915456  -52.76129058
 273.63530903   11.45479794  -53.48237197
 273.64245369   11.46044116  -54.27032745
 273.64959863   11.46608419  -55.12815581
 273.65674386   11.47172706  -55.97319695
 273.66388938   11.47736975  -56.71212335
 273.67103518   11.48301226  -57.48283816
 273.67818127   11.48865460  -58.28548513
 273.68532764   11.49429677  -59.19671597
 273.69247430   11.49993877  -60.03005232
 273.69962125   11.50558059  -60.89826395
 273.70676848   11.51122223  -61.85828469
 273.71391600   11.51686370  -62.78259501
 273.72106381   11.52250500  -63.59691187
 273.72821190   11.52814612  -64.43176779
 273.73536028   11.53378707  -65.41150495
 273.74250895   11.53942784  -66.45476977
 273.74965790   11.54506844  -67.42822655
 273.75680715   11.55070887  -68.38845417
 273.76395668   11.55634911  -69.47091708
 273.77110649   11.56198919  -70.50066516
 273.77825660   11.56762909  -71.48971775
 273.78540699   11.57326881  -72.47141996
 273.79255768   11.57890836  -73.62054928
 273.79970865   11.58454773  -74.82397173
 273.80685991   11.59018692  -75.96694742
 273.81401145   11.59582594  -77.03631977
 273.82116329   11.60146479  -78.26199430
 273.82831542   11.60710346  -79.50323911
 273.83546783   11.61274195  -80.72463957
 273.84262053   11.61838027  -82.01675865
 273.84977353   11.62401841  -83.35652494
 273.85692681   11.62965637  -84.74249224
 273.86408038   11.63529416  -86.04856129
 273.87123425   11.64093177  -87.28670902
 273.87838840   11.64656921  -88.78309692
 273.88554284   11.65220647  -90.29946595
 273.89269758   11.65784355  -91.75719997
 273.89985260   11.66348045  -93.37986359
 273.90700792   11.66911718  -94.98239021
 273.91416352   11.67475373  -96.46260235
 273.92131942   11.68039011  -97.87701352
 273.92847560   11.68602631  -99.41097586
 273.93563208   11.69166232 -101.20702106
 273.94278885   11.69729817 -103.02636265
 273.94994591   11.70293383 -104.58224475
 273.95710327   11.70856932 -106.50139235
 273.96426091   11.71420463 -108.41459842
 273.97141885   11.71983976 -110.07206688
 273.97857708   11.72547471 -111.77041767
 273.98573560   11.73110949 -113.77671365
 273.99289441   11.73674409 -115.98262805
 274.00005352   11.74237851 -118.06859718
 274.00721292   11.74801275 -120.03726192
 274.01437261   11.75364681 -122.26469701
 274.02153259   11.75928070 -124.48834148
 274.02869287   11.76491440 -126.55024742
 274.03585344   11.77054793 -128.58396457
 274.04301430   11.77618128 -130.96983192
 274.05017546   11.78181445 -133.33589857
 274.05733691   11.78744744 -135.67802267
 274.06449866   11.79308025 -137.86344804
 274.07166070   11.79871288 -140.35755551
 274.07882303   11.80434534 -142.90508984
 274.08598566   11.80997761 -145.40900685
 274.09314858   11.81560971 -148.11806253
 274.10031180   11.82124162 -150.82806982
 274.10747531   11.82687336 -153.62320279
 274.11463912   11.83250492 -156.21181401
 274.12180322   11.83813629 -158.79395171
 274.12896761   11.84376749 -161.76330355
 274.13613231   11.84939851 -164.77245724
 274.14329729   11.85502934 -167.52653210
 274.15046258   11.86066000 -170.59214389
 274.15762816   11.86629047 -173.70755495
 274.16479403   11.87192077 -176.58399642
 274.17196020   11.87755089 -179.30032522
 274.17912667   11.88318082 -182.21900321
 274.18629343   11.88881058 -185.62094019
 274.19346049   11.89444015 -189.05163292
 274.20062785   11.90006954 -191.95488572
 274.20779550   11.90569875 -195.49900911
 274.21496345   11.91132778 -199.04550798
 274.22213170   11.91695663 -202.20008640
 274.22930024   11.92258530 -205.27698704
 274.23646909   11.92821379 -208.87294991
 274.24363823   11.93384210 -212.72063057
 274.25080766   11.93947022 -216.49811544
 274.25797740   11.94509816 -219.93812031
 274.26514743   11.95072592 -223.58971457
 274.27231776   11.95635350 -227.22940290
 274.27948839   11.96198090 -230.36958558
 274.28665932   11.96760812 -233.57987811
 274.29383055   11.97323515 -236.95817599
 274.30100207   11.97886200 -240.23350025
 274.30817390   11.98448867 -243.16254595
 274.31534602   11.99011516 -245.68605519
 274.32251844   11.99574146 -248.08656101
 274.32969116   12.00136758 -250.11974431
 274.33686418   12.00699352 -251.75325827
 274.34403750   12.01261928 -253.37561354
 274.35121112   12.01824485 -255.10622547
 274.35838504   12.02387024 -256.57750702
 274.36555927   12.02949545 -257.65152935
 274.37273379   12.03512047 -258.54656193
 274.37990861   12.04074531 -259.00129215
 274.38708373   12.04636997 -259.91075258
 274.39425915   12.05199445 -260.82021302
 274.40143487   12.05761874 -261.72967345
 274.40861090   12.06324284 -262.63913389
