#SPATIAL.ascii 1
SimpleDB {
  num-values =      1
  value-names =  initial_amplitude
  value-units =  Pa
  num-locs =   1836
  data-dim =    1
  space-dim =    2
  cs-data = cartesian {
  to-meters = 1
  space-dim = 2
}
}
 -1.143558e+05  0.000000e+00  3.212025e+07
 -1.142558e+05  0.000000e+00  3.213607e+07
 -1.141558e+05  0.000000e+00  3.215171e+07
 -1.140558e+05  0.000000e+00  3.216717e+07
 -1.139558e+05  0.000000e+00  3.218245e+07
 -1.138558e+05  0.000000e+00  3.219755e+07
 -1.137558e+05  0.000000e+00  3.221247e+07
 -1.136558e+05  0.000000e+00  3.222721e+07
 -1.135558e+05  0.000000e+00  3.224178e+07
 -1.134558e+05  0.000000e+00  3.225618e+07
 -1.133558e+05  0.000000e+00  3.227039e+07
 -1.132558e+05  0.000000e+00  3.228444e+07
 -1.131558e+05  0.000000e+00  3.229831e+07
 -1.130558e+05  0.000000e+00  3.231201e+07
 -1.129558e+05  0.000000e+00  3.232554e+07
 -1.128558e+05  0.000000e+00  3.233890e+07
 -1.127558e+05  0.000000e+00  3.235209e+07
 -1.126558e+05  0.000000e+00  3.236511e+07
 -1.125558e+05  0.000000e+00  3.237796e+07
 -1.124558e+05  0.000000e+00  3.239065e+07
 -1.123558e+05  0.000000e+00  3.240317e+07
 -1.122558e+05  0.000000e+00  3.241552e+07
 -1.121558e+05  0.000000e+00  3.242771e+07
 -1.120558e+05  0.000000e+00  3.243974e+07
 -1.119558e+05  0.000000e+00  3.245160e+07
 -1.118558e+05  0.000000e+00  3.246330e+07
 -1.117558e+05  0.000000e+00  3.247484e+07
 -1.116558e+05  0.000000e+00  3.248622e+07
 -1.115558e+05  0.000000e+00  3.249744e+07
 -1.114558e+05  0.000000e+00  3.250850e+07
 -1.113558e+05  0.000000e+00  3.251941e+07
 -1.112558e+05  0.000000e+00  3.253015e+07
 -1.111558e+05  0.000000e+00  3.254074e+07
 -1.110558e+05  0.000000e+00  3.255117e+07
 -1.109558e+05  0.000000e+00  3.256145e+07
 -1.108558e+05  0.000000e+00  3.257158e+07
 -1.107558e+05  0.000000e+00  3.258155e+07
 -1.106558e+05  0.000000e+00  3.259137e+07
 -1.105558e+05  0.000000e+00  3.260103e+07
 -1.104558e+05  0.000000e+00  3.261055e+07
 -1.103558e+05  0.000000e+00  3.261991e+07
 -1.102558e+05  0.000000e+00  3.262913e+07
 -1.101558e+05  0.000000e+00  3.263820e+07
 -1.100558e+05  0.000000e+00  3.264712e+07
 -1.099558e+05  0.000000e+00  3.265589e+07
 -1.098558e+05  0.000000e+00  3.266451e+07
 -1.097558e+05  0.000000e+00  3.267300e+07
 -1.096558e+05  0.000000e+00  3.268133e+07
 -1.095558e+05  0.000000e+00  3.268952e+07
 -1.094558e+05  0.000000e+00  3.269757e+07
 -1.093558e+05  0.000000e+00  3.270548e+07
 -1.092558e+05  0.000000e+00  3.271324e+07
 -1.091558e+05  0.000000e+00  3.272087e+07
 -1.090558e+05  0.000000e+00  3.272835e+07
 -1.089558e+05  0.000000e+00  3.273570e+07
 -1.088558e+05  0.000000e+00  3.274290e+07
 -1.087558e+05  0.000000e+00  3.274997e+07
 -1.086558e+05  0.000000e+00  3.275690e+07
 -1.085558e+05  0.000000e+00  3.276369e+07
 -1.084558e+05  0.000000e+00  3.277035e+07
 -1.083558e+05  0.000000e+00  3.277688e+07
 -1.082558e+05  0.000000e+00  3.278327e+07
 -1.081558e+05  0.000000e+00  3.278952e+07
 -1.080558e+05  0.000000e+00  3.279565e+07
 -1.079558e+05  0.000000e+00  3.280164e+07
 -1.078558e+05  0.000000e+00  3.280750e+07
 -1.077558e+05  0.000000e+00  3.281323e+07
 -1.076558e+05  0.000000e+00  3.281883e+07
 -1.075558e+05  0.000000e+00  3.282430e+07
 -1.074558e+05  0.000000e+00  3.282964e+07
 -1.073558e+05  0.000000e+00  3.283486e+07
 -1.072558e+05  0.000000e+00  3.283995e+07
 -1.071558e+05  0.000000e+00  3.284491e+07
 -1.070558e+05  0.000000e+00  3.284974e+07
 -1.069558e+05  0.000000e+00  3.285446e+07
 -1.068558e+05  0.000000e+00  3.285905e+07
 -1.067558e+05  0.000000e+00  3.286351e+07
 -1.066558e+05  0.000000e+00  3.286785e+07
 -1.065558e+05  0.000000e+00  3.287208e+07
 -1.064558e+05  0.000000e+00  3.287618e+07
 -1.063558e+05  0.000000e+00  3.288015e+07
 -1.062558e+05  0.000000e+00  3.288402e+07
 -1.061558e+05  0.000000e+00  3.288776e+07
 -1.060558e+05  0.000000e+00  3.289138e+07
 -1.059558e+05  0.000000e+00  3.289488e+07
 -1.058558e+05  0.000000e+00  3.289827e+07
 -1.057558e+05  0.000000e+00  3.290155e+07
 -1.056558e+05  0.000000e+00  3.290470e+07
 -1.055558e+05  0.000000e+00  3.290774e+07
 -1.054558e+05  0.000000e+00  3.291067e+07
 -1.053558e+05  0.000000e+00  3.291349e+07
 -1.052558e+05  0.000000e+00  3.291619e+07
 -1.051558e+05  0.000000e+00  3.291878e+07
 -1.050558e+05  0.000000e+00  3.292126e+07
 -1.049558e+05  0.000000e+00  3.292363e+07
 -1.048558e+05  0.000000e+00  3.292589e+07
 -1.047558e+05  0.000000e+00  3.292804e+07
 -1.046558e+05  0.000000e+00  3.293008e+07
 -1.045558e+05  0.000000e+00  3.293201e+07
 -1.044558e+05  0.000000e+00  3.293383e+07
 -1.043558e+05  0.000000e+00  3.293555e+07
 -1.042558e+05  0.000000e+00  3.293717e+07
 -1.041558e+05  0.000000e+00  3.293868e+07
 -1.040558e+05  0.000000e+00  3.294008e+07
 -1.039558e+05  0.000000e+00  3.294138e+07
 -1.038558e+05  0.000000e+00  3.294258e+07
 -1.037558e+05  0.000000e+00  3.294367e+07
 -1.036558e+05  0.000000e+00  3.294466e+07
 -1.035558e+05  0.000000e+00  3.294555e+07
 -1.034558e+05  0.000000e+00  3.294634e+07
 -1.033558e+05  0.000000e+00  3.294703e+07
 -1.032558e+05  0.000000e+00  3.294763e+07
 -1.031558e+05  0.000000e+00  3.294812e+07
 -1.030558e+05  0.000000e+00  3.294851e+07
 -1.029558e+05  0.000000e+00  3.294881e+07
 -1.028558e+05  0.000000e+00  3.294901e+07
 -1.027558e+05  0.000000e+00  3.294912e+07
 -1.026558e+05  0.000000e+00  3.294913e+07
 -1.025558e+05  0.000000e+00  3.294905e+07
 -1.024558e+05  0.000000e+00  3.294887e+07
 -1.023558e+05  0.000000e+00  3.294859e+07
 -1.022558e+05  0.000000e+00  3.294823e+07
 -1.021558e+05  0.000000e+00  3.294777e+07
 -1.020558e+05  0.000000e+00  3.294723e+07
 -1.019558e+05  0.000000e+00  3.294659e+07
 -1.018558e+05  0.000000e+00  3.294586e+07
 -1.017558e+05  0.000000e+00  3.294504e+07
 -1.016558e+05  0.000000e+00  3.294413e+07
 -1.015558e+05  0.000000e+00  3.294314e+07
 -1.014558e+05  0.000000e+00  3.294205e+07
 -1.013558e+05  0.000000e+00  3.294088e+07
 -1.012558e+05  0.000000e+00  3.293962e+07
 -1.011558e+05  0.000000e+00  3.293828e+07
 -1.010558e+05  0.000000e+00  3.293685e+07
 -1.009558e+05  0.000000e+00  3.293534e+07
 -1.008558e+05  0.000000e+00  3.293375e+07
 -1.007558e+05  0.000000e+00  3.293207e+07
 -1.006558e+05  0.000000e+00  3.293030e+07
 -1.005558e+05  0.000000e+00  3.292846e+07
 -1.004558e+05  0.000000e+00  3.292653e+07
 -1.003558e+05  0.000000e+00  3.292453e+07
 -1.002558e+05  0.000000e+00  3.292244e+07
 -1.001558e+05  0.000000e+00  3.292027e+07
 -1.000558e+05  0.000000e+00  3.291803e+07
 -9.995578e+04  0.000000e+00  3.291570e+07
 -9.985578e+04  0.000000e+00  3.291330e+07
 -9.975578e+04  0.000000e+00  3.291082e+07
 -9.965578e+04  0.000000e+00  3.290826e+07
 -9.955578e+04  0.000000e+00  3.290563e+07
 -9.945578e+04  0.000000e+00  3.290293e+07
 -9.935578e+04  0.000000e+00  3.290014e+07
 -9.925578e+04  0.000000e+00  3.289729e+07
 -9.915578e+04  0.000000e+00  3.289436e+07
 -9.905578e+04  0.000000e+00  3.289135e+07
 -9.895578e+04  0.000000e+00  3.288828e+07
 -9.885578e+04  0.000000e+00  3.288513e+07
 -9.875578e+04  0.000000e+00  3.288191e+07
 -9.865578e+04  0.000000e+00  3.287862e+07
 -9.855578e+04  0.000000e+00  3.287526e+07
 -9.845578e+04  0.000000e+00  3.287183e+07
 -9.835578e+04  0.000000e+00  3.286833e+07
 -9.825578e+04  0.000000e+00  3.286476e+07
 -9.815578e+04  0.000000e+00  3.286113e+07
 -9.805578e+04  0.000000e+00  3.285743e+07
 -9.795578e+04  0.000000e+00  3.285366e+07
 -9.785578e+04  0.000000e+00  3.284982e+07
 -9.775578e+04  0.000000e+00  3.284592e+07
 -9.765578e+04  0.000000e+00  3.284196e+07
 -9.755578e+04  0.000000e+00  3.283793e+07
 -9.745578e+04  0.000000e+00  3.283383e+07
 -9.735578e+04  0.000000e+00  3.282967e+07
 -9.725578e+04  0.000000e+00  3.282545e+07
 -9.715578e+04  0.000000e+00  3.282117e+07
 -9.705578e+04  0.000000e+00  3.281683e+07
 -9.695578e+04  0.000000e+00  3.281242e+07
 -9.685578e+04  0.000000e+00  3.280796e+07
 -9.675578e+04  0.000000e+00  3.280343e+07
 -9.665578e+04  0.000000e+00  3.279885e+07
 -9.655578e+04  0.000000e+00  3.279420e+07
 -9.645578e+04  0.000000e+00  3.278950e+07
 -9.635578e+04  0.000000e+00  3.278474e+07
 -9.625578e+04  0.000000e+00  3.277992e+07
 -9.615578e+04  0.000000e+00  3.277505e+07
 -9.605578e+04  0.000000e+00  3.277012e+07
 -9.595578e+04  0.000000e+00  3.276513e+07
 -9.585578e+04  0.000000e+00  3.276009e+07
 -9.575578e+04  0.000000e+00  3.275499e+07
 -9.565578e+04  0.000000e+00  3.274985e+07
 -9.555578e+04  0.000000e+00  3.274464e+07
 -9.545578e+04  0.000000e+00  3.273939e+07
 -9.535578e+04  0.000000e+00  3.273408e+07
 -9.525578e+04  0.000000e+00  3.272872e+07
 -9.515578e+04  0.000000e+00  3.272331e+07
 -9.505578e+04  0.000000e+00  3.271784e+07
 -9.495578e+04  0.000000e+00  3.271233e+07
 -9.485578e+04  0.000000e+00  3.270677e+07
 -9.475578e+04  0.000000e+00  3.270116e+07
 -9.465578e+04  0.000000e+00  3.269550e+07
 -9.455578e+04  0.000000e+00  3.268979e+07
 -9.445578e+04  0.000000e+00  3.268403e+07
 -9.435578e+04  0.000000e+00  3.267823e+07
 -9.425578e+04  0.000000e+00  3.267238e+07
 -9.415578e+04  0.000000e+00  3.266648e+07
 -9.405578e+04  0.000000e+00  3.266054e+07
 -9.395578e+04  0.000000e+00  3.265456e+07
 -9.385578e+04  0.000000e+00  3.264853e+07
 -9.375578e+04  0.000000e+00  3.264245e+07
 -9.365578e+04  0.000000e+00  3.263633e+07
 -9.355578e+04  0.000000e+00  3.263017e+07
 -9.345578e+04  0.000000e+00  3.262396e+07
 -9.335578e+04  0.000000e+00  3.261772e+07
 -9.325578e+04  0.000000e+00  3.261143e+07
 -9.315578e+04  0.000000e+00  3.260510e+07
 -9.305578e+04  0.000000e+00  3.259873e+07
 -9.295578e+04  0.000000e+00  3.259232e+07
 -9.285578e+04  0.000000e+00  3.258587e+07
 -9.275578e+04  0.000000e+00  3.257938e+07
 -9.265578e+04  0.000000e+00  3.257286e+07
 -9.255578e+04  0.000000e+00  3.256629e+07
 -9.245578e+04  0.000000e+00  3.255969e+07
 -9.235578e+04  0.000000e+00  3.255305e+07
 -9.225578e+04  0.000000e+00  3.254637e+07
 -9.215578e+04  0.000000e+00  3.253966e+07
 -9.205578e+04  0.000000e+00  3.253291e+07
 -9.195578e+04  0.000000e+00  3.252613e+07
 -9.185578e+04  0.000000e+00  3.251931e+07
 -9.175578e+04  0.000000e+00  3.251246e+07
 -9.165578e+04  0.000000e+00  3.250558e+07
 -9.155578e+04  0.000000e+00  3.249866e+07
 -9.145578e+04  0.000000e+00  3.249170e+07
 -9.135578e+04  0.000000e+00  3.248472e+07
 -9.125578e+04  0.000000e+00  3.247771e+07
 -9.115578e+04  0.000000e+00  3.247066e+07
 -9.105578e+04  0.000000e+00  3.246358e+07
 -9.095578e+04  0.000000e+00  3.245647e+07
 -9.085578e+04  0.000000e+00  3.244933e+07
 -9.075578e+04  0.000000e+00  3.244217e+07
 -9.065578e+04  0.000000e+00  3.243497e+07
 -9.055578e+04  0.000000e+00  3.242775e+07
 -9.045578e+04  0.000000e+00  3.242049e+07
 -9.035578e+04  0.000000e+00  3.241321e+07
 -9.025578e+04  0.000000e+00  3.240590e+07
 -9.015578e+04  0.000000e+00  3.239857e+07
 -9.005578e+04  0.000000e+00  3.239121e+07
 -8.995578e+04  0.000000e+00  3.238382e+07
 -8.985578e+04  0.000000e+00  3.237641e+07
 -8.975578e+04  0.000000e+00  3.236898e+07
 -8.965578e+04  0.000000e+00  3.236151e+07
 -8.955578e+04  0.000000e+00  3.235403e+07
 -8.945578e+04  0.000000e+00  3.234652e+07
 -8.935578e+04  0.000000e+00  3.233899e+07
 -8.925578e+04  0.000000e+00  3.233144e+07
 -8.915578e+04  0.000000e+00  3.232386e+07
 -8.905578e+04  0.000000e+00  3.231626e+07
 -8.895578e+04  0.000000e+00  3.230865e+07
 -8.885578e+04  0.000000e+00  3.230101e+07
 -8.875578e+04  0.000000e+00  3.229335e+07
 -8.865578e+04  0.000000e+00  3.228567e+07
 -8.855578e+04  0.000000e+00  3.227797e+07
 -8.845578e+04  0.000000e+00  3.227025e+07
 -8.835578e+04  0.000000e+00  3.226251e+07
 -8.825578e+04  0.000000e+00  3.225476e+07
 -8.815578e+04  0.000000e+00  3.224698e+07
 -8.805578e+04  0.000000e+00  3.223919e+07
 -8.795578e+04  0.000000e+00  3.223139e+07
 -8.785578e+04  0.000000e+00  3.222356e+07
 -8.775578e+04  0.000000e+00  3.221572e+07
 -8.765578e+04  0.000000e+00  3.220787e+07
 -8.755578e+04  0.000000e+00  3.220000e+07
 -8.745578e+04  0.000000e+00  3.219212e+07
 -8.735578e+04  0.000000e+00  3.218422e+07
 -8.725578e+04  0.000000e+00  3.217630e+07
 -8.715578e+04  0.000000e+00  3.216838e+07
 -8.705578e+04  0.000000e+00  3.216044e+07
 -8.695578e+04  0.000000e+00  3.215249e+07
 -8.685578e+04  0.000000e+00  3.214452e+07
 -8.675578e+04  0.000000e+00  3.213655e+07
 -8.665578e+04  0.000000e+00  3.212856e+07
 -8.655578e+04  0.000000e+00  3.212056e+07
 -8.645578e+04  0.000000e+00  3.211255e+07
 -8.635578e+04  0.000000e+00  3.210453e+07
 -8.625578e+04  0.000000e+00  3.209650e+07
 -8.615578e+04  0.000000e+00  3.208847e+07
 -8.605578e+04  0.000000e+00  3.208042e+07
 -8.595578e+04  0.000000e+00  3.207236e+07
 -8.585578e+04  0.000000e+00  3.206430e+07
 -8.575578e+04  0.000000e+00  3.205623e+07
 -8.565578e+04  0.000000e+00  3.204815e+07
 -8.555578e+04  0.000000e+00  3.204007e+07
 -8.545578e+04  0.000000e+00  3.203198e+07
 -8.535578e+04  0.000000e+00  3.202388e+07
 -8.525578e+04  0.000000e+00  3.201578e+07
 -8.515578e+04  0.000000e+00  3.200767e+07
 -8.505578e+04  0.000000e+00  3.199955e+07
 -8.495578e+04  0.000000e+00  3.199144e+07
 -8.485578e+04  0.000000e+00  3.198331e+07
 -8.475578e+04  0.000000e+00  3.197519e+07
 -8.465578e+04  0.000000e+00  3.196706e+07
 -8.455578e+04  0.000000e+00  3.195893e+07
 -8.445578e+04  0.000000e+00  3.195079e+07
 -8.435578e+04  0.000000e+00  3.194266e+07
 -8.425578e+04  0.000000e+00  3.193452e+07
 -8.415578e+04  0.000000e+00  3.192638e+07
 -8.405578e+04  0.000000e+00  3.191824e+07
 -8.395578e+04  0.000000e+00  3.191010e+07
 -8.385578e+04  0.000000e+00  3.190196e+07
 -8.375578e+04  0.000000e+00  3.189382e+07
 -8.365578e+04  0.000000e+00  3.188568e+07
 -8.355578e+04  0.000000e+00  3.187754e+07
 -8.345578e+04  0.000000e+00  3.186940e+07
 -8.335578e+04  0.000000e+00  3.186126e+07
 -8.325578e+04  0.000000e+00  3.185313e+07
 -8.315578e+04  0.000000e+00  3.184500e+07
 -8.305578e+04  0.000000e+00  3.183687e+07
 -8.295578e+04  0.000000e+00  3.182874e+07
 -8.285578e+04  0.000000e+00  3.182062e+07
 -8.275578e+04  0.000000e+00  3.181250e+07
 -8.265578e+04  0.000000e+00  3.180439e+07
 -8.255578e+04  0.000000e+00  3.179628e+07
 -8.245578e+04  0.000000e+00  3.178817e+07
 -8.235578e+04  0.000000e+00  3.178008e+07
 -8.225578e+04  0.000000e+00  3.177198e+07
 -8.215578e+04  0.000000e+00  3.176390e+07
 -8.205578e+04  0.000000e+00  3.175581e+07
 -8.195578e+04  0.000000e+00  3.174774e+07
 -8.185578e+04  0.000000e+00  3.173967e+07
 -8.175578e+04  0.000000e+00  3.173162e+07
 -8.165578e+04  0.000000e+00  3.172357e+07
 -8.155578e+04  0.000000e+00  3.171552e+07
 -8.145578e+04  0.000000e+00  3.170749e+07
 -8.135578e+04  0.000000e+00  3.169946e+07
 -8.125578e+04  0.000000e+00  3.169145e+07
 -8.115578e+04  0.000000e+00  3.168344e+07
 -8.105578e+04  0.000000e+00  3.167545e+07
 -8.095578e+04  0.000000e+00  3.166746e+07
 -8.085578e+04  0.000000e+00  3.165949e+07
 -8.075578e+04  0.000000e+00  3.165152e+07
 -8.065578e+04  0.000000e+00  3.164357e+07
 -8.055578e+04  0.000000e+00  3.163563e+07
 -8.045578e+04  0.000000e+00  3.162770e+07
 -8.035578e+04  0.000000e+00  3.161979e+07
 -8.025578e+04  0.000000e+00  3.161189e+07
 -8.015578e+04  0.000000e+00  3.160400e+07
 -8.005578e+04  0.000000e+00  3.159612e+07
 -7.995578e+04  0.000000e+00  3.158826e+07
 -7.985578e+04  0.000000e+00  3.158041e+07
 -7.975578e+04  0.000000e+00  3.157258e+07
 -7.965578e+04  0.000000e+00  3.156476e+07
 -7.955578e+04  0.000000e+00  3.155696e+07
 -7.945578e+04  0.000000e+00  3.154917e+07
 -7.935578e+04  0.000000e+00  3.154140e+07
 -7.925578e+04  0.000000e+00  3.153364e+07
 -7.915578e+04  0.000000e+00  3.152590e+07
 -7.905578e+04  0.000000e+00  3.151818e+07
 -7.895578e+04  0.000000e+00  3.151048e+07
 -7.885578e+04  0.000000e+00  3.150279e+07
 -7.875578e+04  0.000000e+00  3.149512e+07
 -7.865578e+04  0.000000e+00  3.148747e+07
 -7.855578e+04  0.000000e+00  3.147984e+07
 -7.845578e+04  0.000000e+00  3.147222e+07
 -7.835578e+04  0.000000e+00  3.146463e+07
 -7.825578e+04  0.000000e+00  3.145705e+07
 -7.815578e+04  0.000000e+00  3.144950e+07
 -7.805578e+04  0.000000e+00  3.144196e+07
 -7.795578e+04  0.000000e+00  3.143445e+07
 -7.785578e+04  0.000000e+00  3.142696e+07
 -7.775578e+04  0.000000e+00  3.141948e+07
 -7.765578e+04  0.000000e+00  3.141203e+07
 -7.755578e+04  0.000000e+00  3.140460e+07
 -7.745578e+04  0.000000e+00  3.139720e+07
 -7.735578e+04  0.000000e+00  3.138981e+07
 -7.725578e+04  0.000000e+00  3.138245e+07
 -7.715578e+04  0.000000e+00  3.137511e+07
 -7.705578e+04  0.000000e+00  3.136779e+07
 -7.695578e+04  0.000000e+00  3.136050e+07
 -7.685578e+04  0.000000e+00  3.135323e+07
 -7.675578e+04  0.000000e+00  3.134599e+07
 -7.665578e+04  0.000000e+00  3.133877e+07
 -7.655578e+04  0.000000e+00  3.133157e+07
 -7.645578e+04  0.000000e+00  3.132440e+07
 -7.635578e+04  0.000000e+00  3.131726e+07
 -7.625578e+04  0.000000e+00  3.131014e+07
 -7.615578e+04  0.000000e+00  3.130305e+07
 -7.605578e+04  0.000000e+00  3.129598e+07
 -7.595578e+04  0.000000e+00  3.128894e+07
 -7.585578e+04  0.000000e+00  3.128193e+07
 -7.575578e+04  0.000000e+00  3.127494e+07
 -7.565578e+04  0.000000e+00  3.126799e+07
 -7.555578e+04  0.000000e+00  3.126106e+07
 -7.545578e+04  0.000000e+00  3.125416e+07
 -7.535578e+04  0.000000e+00  3.124728e+07
 -7.525578e+04  0.000000e+00  3.124044e+07
 -7.515578e+04  0.000000e+00  3.123362e+07
 -7.505578e+04  0.000000e+00  3.122684e+07
 -7.495578e+04  0.000000e+00  3.122008e+07
 -7.485578e+04  0.000000e+00  3.121335e+07
 -7.475578e+04  0.000000e+00  3.120666e+07
 -7.465578e+04  0.000000e+00  3.119999e+07
 -7.455578e+04  0.000000e+00  3.119336e+07
 -7.445578e+04  0.000000e+00  3.118675e+07
 -7.435578e+04  0.000000e+00  3.118018e+07
 -7.425578e+04  0.000000e+00  3.117364e+07
 -7.415578e+04  0.000000e+00  3.116713e+07
 -7.405578e+04  0.000000e+00  3.116066e+07
 -7.395578e+04  0.000000e+00  3.115421e+07
 -7.385578e+04  0.000000e+00  3.114780e+07
 -7.375578e+04  0.000000e+00  3.114142e+07
 -7.365578e+04  0.000000e+00  3.113508e+07
 -7.355578e+04  0.000000e+00  3.112877e+07
 -7.345578e+04  0.000000e+00  3.112249e+07
 -7.335578e+04  0.000000e+00  3.111625e+07
 -7.325578e+04  0.000000e+00  3.111004e+07
 -7.315578e+04  0.000000e+00  3.110386e+07
 -7.305578e+04  0.000000e+00  3.109772e+07
 -7.295578e+04  0.000000e+00  3.109162e+07
 -7.285578e+04  0.000000e+00  3.108555e+07
 -7.275578e+04  0.000000e+00  3.107952e+07
 -7.265578e+04  0.000000e+00  3.107352e+07
 -7.255578e+04  0.000000e+00  3.106756e+07
 -7.245578e+04  0.000000e+00  3.106164e+07
 -7.235578e+04  0.000000e+00  3.105576e+07
 -7.225578e+04  0.000000e+00  3.104991e+07
 -7.215578e+04  0.000000e+00  3.104410e+07
 -7.205578e+04  0.000000e+00  3.103832e+07
 -7.195578e+04  0.000000e+00  3.103259e+07
 -7.185578e+04  0.000000e+00  3.102689e+07
 -7.175578e+04  0.000000e+00  3.102123e+07
 -7.165578e+04  0.000000e+00  3.101561e+07
 -7.155578e+04  0.000000e+00  3.101003e+07
 -7.145578e+04  0.000000e+00  3.100449e+07
 -7.135578e+04  0.000000e+00  3.099898e+07
 -7.125578e+04  0.000000e+00  3.099352e+07
 -7.115578e+04  0.000000e+00  3.098810e+07
 -7.105578e+04  0.000000e+00  3.098272e+07
 -7.095578e+04  0.000000e+00  3.097738e+07
 -7.085578e+04  0.000000e+00  3.097208e+07
 -7.075578e+04  0.000000e+00  3.096682e+07
 -7.065578e+04  0.000000e+00  3.096160e+07
 -7.055578e+04  0.000000e+00  3.095642e+07
 -7.045578e+04  0.000000e+00  3.095129e+07
 -7.035578e+04  0.000000e+00  3.094620e+07
 -7.025578e+04  0.000000e+00  3.094115e+07
 -7.015578e+04  0.000000e+00  3.093614e+07
 -7.005578e+04  0.000000e+00  3.093118e+07
 -6.995578e+04  0.000000e+00  3.092626e+07
 -6.985578e+04  0.000000e+00  3.092138e+07
 -6.975578e+04  0.000000e+00  3.091654e+07
 -6.965578e+04  0.000000e+00  3.091176e+07
 -6.955578e+04  0.000000e+00  3.090701e+07
 -6.945578e+04  0.000000e+00  3.090231e+07
 -6.935578e+04  0.000000e+00  3.089765e+07
 -6.925578e+04  0.000000e+00  3.089304e+07
 -6.915578e+04  0.000000e+00  3.088847e+07
 -6.905578e+04  0.000000e+00  3.088395e+07
 -6.895578e+04  0.000000e+00  3.087948e+07
 -6.885578e+04  0.000000e+00  3.087505e+07
 -6.875578e+04  0.000000e+00  3.087066e+07
 -6.865578e+04  0.000000e+00  3.086633e+07
 -6.855578e+04  0.000000e+00  3.086204e+07
 -6.845578e+04  0.000000e+00  3.085779e+07
 -6.835578e+04  0.000000e+00  3.085359e+07
 -6.825578e+04  0.000000e+00  3.084945e+07
 -6.815578e+04  0.000000e+00  3.084534e+07
 -6.805578e+04  0.000000e+00  3.084129e+07
 -6.795578e+04  0.000000e+00  3.083728e+07
 -6.785578e+04  0.000000e+00  3.083333e+07
 -6.775578e+04  0.000000e+00  3.082942e+07
 -6.765578e+04  0.000000e+00  3.082556e+07
 -6.755578e+04  0.000000e+00  3.082174e+07
 -6.745578e+04  0.000000e+00  3.081798e+07
 -6.735578e+04  0.000000e+00  3.081427e+07
 -6.725578e+04  0.000000e+00  3.081061e+07
 -6.715578e+04  0.000000e+00  3.080699e+07
 -6.705578e+04  0.000000e+00  3.080343e+07
 -6.695578e+04  0.000000e+00  3.079992e+07
 -6.685578e+04  0.000000e+00  3.079646e+07
 -6.675578e+04  0.000000e+00  3.079304e+07
 -6.665578e+04  0.000000e+00  3.078968e+07
 -6.655578e+04  0.000000e+00  3.078637e+07
 -6.645578e+04  0.000000e+00  3.078312e+07
 -6.635578e+04  0.000000e+00  3.077991e+07
 -6.625578e+04  0.000000e+00  3.077676e+07
 -6.615578e+04  0.000000e+00  3.077366e+07
 -6.605578e+04  0.000000e+00  3.077061e+07
 -6.595578e+04  0.000000e+00  3.076761e+07
 -6.585578e+04  0.000000e+00  3.076467e+07
 -6.575578e+04  0.000000e+00  3.076177e+07
 -6.565578e+04  0.000000e+00  3.075894e+07
 -6.555578e+04  0.000000e+00  3.075615e+07
 -6.545578e+04  0.000000e+00  3.075342e+07
 -6.535578e+04  0.000000e+00  3.075075e+07
 -6.525578e+04  0.000000e+00  3.074812e+07
 -6.515578e+04  0.000000e+00  3.074556e+07
 -6.505578e+04  0.000000e+00  3.074304e+07
 -6.495578e+04  0.000000e+00  3.074059e+07
 -6.485578e+04  0.000000e+00  3.073818e+07
 -6.475578e+04  0.000000e+00  3.073583e+07
 -6.465578e+04  0.000000e+00  3.073354e+07
 -6.455578e+04  0.000000e+00  3.073130e+07
 -6.445578e+04  0.000000e+00  3.072912e+07
 -6.435578e+04  0.000000e+00  3.072700e+07
 -6.425578e+04  0.000000e+00  3.072493e+07
 -6.415578e+04  0.000000e+00  3.072292e+07
 -6.405578e+04  0.000000e+00  3.072096e+07
 -6.395578e+04  0.000000e+00  3.071906e+07
 -6.385578e+04  0.000000e+00  3.071722e+07
 -6.375578e+04  0.000000e+00  3.071544e+07
 -6.365578e+04  0.000000e+00  3.071371e+07
 -6.355578e+04  0.000000e+00  3.071204e+07
 -6.345578e+04  0.000000e+00  3.071043e+07
 -6.335578e+04  0.000000e+00  3.070888e+07
 -6.325578e+04  0.000000e+00  3.070739e+07
 -6.315578e+04  0.000000e+00  3.070595e+07
 -6.305578e+04  0.000000e+00  3.070458e+07
 -6.295578e+04  0.000000e+00  3.070326e+07
 -6.285578e+04  0.000000e+00  3.070200e+07
 -6.275578e+04  0.000000e+00  3.070080e+07
 -6.265578e+04  0.000000e+00  3.069966e+07
 -6.255578e+04  0.000000e+00  3.069858e+07
 -6.245578e+04  0.000000e+00  3.069756e+07
 -6.235578e+04  0.000000e+00  3.069660e+07
 -6.225578e+04  0.000000e+00  3.069571e+07
 -6.215578e+04  0.000000e+00  3.069487e+07
 -6.205578e+04  0.000000e+00  3.069409e+07
 -6.195578e+04  0.000000e+00  3.069338e+07
 -6.185578e+04  0.000000e+00  3.069272e+07
 -6.175578e+04  0.000000e+00  3.069213e+07
 -6.165578e+04  0.000000e+00  3.069160e+07
 -6.155578e+04  0.000000e+00  3.069113e+07
 -6.145578e+04  0.000000e+00  3.069072e+07
 -6.135578e+04  0.000000e+00  3.069037e+07
 -6.125578e+04  0.000000e+00  3.069009e+07
 -6.115578e+04  0.000000e+00  3.068987e+07
 -6.105578e+04  0.000000e+00  3.068971e+07
 -6.095578e+04  0.000000e+00  3.068962e+07
 -6.085578e+04  0.000000e+00  3.068959e+07
 -6.075578e+04  0.000000e+00  3.068962e+07
 -6.065578e+04  0.000000e+00  3.068971e+07
 -6.055578e+04  0.000000e+00  3.068987e+07
 -6.045578e+04  0.000000e+00  3.069010e+07
 -6.035578e+04  0.000000e+00  3.069038e+07
 -6.025578e+04  0.000000e+00  3.069073e+07
 -6.015578e+04  0.000000e+00  3.069115e+07
 -6.005578e+04  0.000000e+00  3.069163e+07
 -5.995578e+04  0.000000e+00  3.069218e+07
 -5.985578e+04  0.000000e+00  3.069279e+07
 -5.975578e+04  0.000000e+00  3.069347e+07
 -5.965578e+04  0.000000e+00  3.069421e+07
 -5.955578e+04  0.000000e+00  3.069502e+07
 -5.945578e+04  0.000000e+00  3.069589e+07
 -5.935578e+04  0.000000e+00  3.069683e+07
 -5.925578e+04  0.000000e+00  3.069784e+07
 -5.915578e+04  0.000000e+00  3.069891e+07
 -5.905578e+04  0.000000e+00  3.070005e+07
 -5.895578e+04  0.000000e+00  3.070125e+07
 -5.885578e+04  0.000000e+00  3.070253e+07
 -5.875578e+04  0.000000e+00  3.070386e+07
 -5.865578e+04  0.000000e+00  3.070527e+07
 -5.855578e+04  0.000000e+00  3.070675e+07
 -5.845578e+04  0.000000e+00  3.070829e+07
 -5.835578e+04  0.000000e+00  3.070990e+07
 -5.825578e+04  0.000000e+00  3.071158e+07
 -5.815578e+04  0.000000e+00  3.071333e+07
 -5.805578e+04  0.000000e+00  3.071514e+07
 -5.795578e+04  0.000000e+00  3.071702e+07
 -5.785578e+04  0.000000e+00  3.071898e+07
 -5.775578e+04  0.000000e+00  3.072100e+07
 -5.765578e+04  0.000000e+00  3.072309e+07
 -5.755578e+04  0.000000e+00  3.072525e+07
 -5.745578e+04  0.000000e+00  3.072748e+07
 -5.735578e+04  0.000000e+00  3.072978e+07
 -5.725578e+04  0.000000e+00  3.073215e+07
 -5.715578e+04  0.000000e+00  3.073459e+07
 -5.705578e+04  0.000000e+00  3.073710e+07
 -5.695578e+04  0.000000e+00  3.073968e+07
 -5.685578e+04  0.000000e+00  3.074233e+07
 -5.675578e+04  0.000000e+00  3.074505e+07
 -5.665578e+04  0.000000e+00  3.074784e+07
 -5.655578e+04  0.000000e+00  3.075070e+07
 -5.645578e+04  0.000000e+00  3.075364e+07
 -5.635578e+04  0.000000e+00  3.075665e+07
 -5.625578e+04  0.000000e+00  3.075972e+07
 -5.615578e+04  0.000000e+00  3.076287e+07
 -5.605578e+04  0.000000e+00  3.076609e+07
 -5.595578e+04  0.000000e+00  3.076939e+07
 -5.585578e+04  0.000000e+00  3.077275e+07
 -5.575578e+04  0.000000e+00  3.077619e+07
 -5.565578e+04  0.000000e+00  3.077970e+07
 -5.555578e+04  0.000000e+00  3.078329e+07
 -5.545578e+04  0.000000e+00  3.078694e+07
 -5.535578e+04  0.000000e+00  3.079068e+07
 -5.525578e+04  0.000000e+00  3.079448e+07
 -5.515578e+04  0.000000e+00  3.079836e+07
 -5.505578e+04  0.000000e+00  3.080231e+07
 -5.495578e+04  0.000000e+00  3.080633e+07
 -5.485578e+04  0.000000e+00  3.081043e+07
 -5.475578e+04  0.000000e+00  3.081460e+07
 -5.465578e+04  0.000000e+00  3.081885e+07
 -5.455578e+04  0.000000e+00  3.082317e+07
 -5.445578e+04  0.000000e+00  3.082757e+07
 -5.435578e+04  0.000000e+00  3.083204e+07
 -5.425578e+04  0.000000e+00  3.083659e+07
 -5.415578e+04  0.000000e+00  3.084121e+07
 -5.405578e+04  0.000000e+00  3.084591e+07
 -5.395578e+04  0.000000e+00  3.085068e+07
 -5.385578e+04  0.000000e+00  3.085553e+07
 -5.375578e+04  0.000000e+00  3.086045e+07
 -5.365578e+04  0.000000e+00  3.086545e+07
 -5.355578e+04  0.000000e+00  3.087053e+07
 -5.345578e+04  0.000000e+00  3.087568e+07
 -5.335578e+04  0.000000e+00  3.088091e+07
 -5.325578e+04  0.000000e+00  3.088622e+07
 -5.315578e+04  0.000000e+00  3.089160e+07
 -5.305578e+04  0.000000e+00  3.089706e+07
 -5.295578e+04  0.000000e+00  3.090260e+07
 -5.285578e+04  0.000000e+00  3.090821e+07
 -5.275578e+04  0.000000e+00  3.091390e+07
 -5.265578e+04  0.000000e+00  3.091967e+07
 -5.255578e+04  0.000000e+00  3.092552e+07
 -5.245578e+04  0.000000e+00  3.093144e+07
 -5.235578e+04  0.000000e+00  3.093745e+07
 -5.225578e+04  0.000000e+00  3.094353e+07
 -5.215578e+04  0.000000e+00  3.094969e+07
 -5.205578e+04  0.000000e+00  3.095593e+07
 -5.195578e+04  0.000000e+00  3.096225e+07
 -5.185578e+04  0.000000e+00  3.096864e+07
 -5.175578e+04  0.000000e+00  3.097512e+07
 -5.165578e+04  0.000000e+00  3.098167e+07
 -5.155578e+04  0.000000e+00  3.098831e+07
 -5.145578e+04  0.000000e+00  3.099502e+07
 -5.135578e+04  0.000000e+00  3.100182e+07
 -5.125578e+04  0.000000e+00  3.100869e+07
 -5.115578e+04  0.000000e+00  3.101564e+07
 -5.105578e+04  0.000000e+00  3.102268e+07
 -5.095578e+04  0.000000e+00  3.102979e+07
 -5.085578e+04  0.000000e+00  3.103699e+07
 -5.075578e+04  0.000000e+00  3.104426e+07
 -5.065578e+04  0.000000e+00  3.105162e+07
 -5.055578e+04  0.000000e+00  3.105906e+07
 -5.045578e+04  0.000000e+00  3.106658e+07
 -5.035578e+04  0.000000e+00  3.107418e+07
 -5.025578e+04  0.000000e+00  3.108186e+07
 -5.015578e+04  0.000000e+00  3.108962e+07
 -5.005578e+04  0.000000e+00  3.109747e+07
 -4.995578e+04  0.000000e+00  3.110539e+07
 -4.985578e+04  0.000000e+00  3.111340e+07
 -4.975578e+04  0.000000e+00  3.112150e+07
 -4.965578e+04  0.000000e+00  3.112967e+07
 -4.955578e+04  0.000000e+00  3.113793e+07
 -4.945578e+04  0.000000e+00  3.114627e+07
 -4.935578e+04  0.000000e+00  3.115469e+07
 -4.925578e+04  0.000000e+00  3.116319e+07
 -4.915578e+04  0.000000e+00  3.117178e+07
 -4.905578e+04  0.000000e+00  3.118045e+07
 -4.895578e+04  0.000000e+00  3.118921e+07
 -4.885578e+04  0.000000e+00  3.119805e+07
 -4.875578e+04  0.000000e+00  3.120697e+07
 -4.865578e+04  0.000000e+00  3.121598e+07
 -4.855578e+04  0.000000e+00  3.122507e+07
 -4.845578e+04  0.000000e+00  3.123424e+07
 -4.835578e+04  0.000000e+00  3.124350e+07
 -4.825578e+04  0.000000e+00  3.125285e+07
 -4.815578e+04  0.000000e+00  3.126227e+07
 -4.805578e+04  0.000000e+00  3.127179e+07
 -4.795578e+04  0.000000e+00  3.128139e+07
 -4.785578e+04  0.000000e+00  3.129107e+07
 -4.775578e+04  0.000000e+00  3.130084e+07
 -4.765578e+04  0.000000e+00  3.131070e+07
 -4.755578e+04  0.000000e+00  3.132064e+07
 -4.745578e+04  0.000000e+00  3.133066e+07
 -4.735578e+04  0.000000e+00  3.134077e+07
 -4.725578e+04  0.000000e+00  3.135097e+07
 -4.715578e+04  0.000000e+00  3.136126e+07
 -4.705578e+04  0.000000e+00  3.137163e+07
 -4.695578e+04  0.000000e+00  3.138209e+07
 -4.685578e+04  0.000000e+00  3.139263e+07
 -4.675578e+04  0.000000e+00  3.140326e+07
 -4.665578e+04  0.000000e+00  3.141398e+07
 -4.655578e+04  0.000000e+00  3.142478e+07
 -4.645578e+04  0.000000e+00  3.143568e+07
 -4.635578e+04  0.000000e+00  3.144666e+07
 -4.625578e+04  0.000000e+00  3.145772e+07
 -4.615578e+04  0.000000e+00  3.146888e+07
 -4.605578e+04  0.000000e+00  3.148012e+07
 -4.595578e+04  0.000000e+00  3.149145e+07
 -4.585578e+04  0.000000e+00  3.150287e+07
 -4.575578e+04  0.000000e+00  3.151438e+07
 -4.565578e+04  0.000000e+00  3.152598e+07
 -4.555578e+04  0.000000e+00  3.153766e+07
 -4.545578e+04  0.000000e+00  3.154944e+07
 -4.535578e+04  0.000000e+00  3.156130e+07
 -4.525578e+04  0.000000e+00  3.157325e+07
 -4.515578e+04  0.000000e+00  3.158529e+07
 -4.505578e+04  0.000000e+00  3.159743e+07
 -4.495578e+04  0.000000e+00  3.160965e+07
 -4.485578e+04  0.000000e+00  3.162196e+07
 -4.475578e+04  0.000000e+00  3.163436e+07
 -4.465578e+04  0.000000e+00  3.164685e+07
 -4.455578e+04  0.000000e+00  3.165943e+07
 -4.445578e+04  0.000000e+00  3.167210e+07
 -4.435578e+04  0.000000e+00  3.168486e+07
 -4.425578e+04  0.000000e+00  3.169771e+07
 -4.415578e+04  0.000000e+00  3.171065e+07
 -4.405578e+04  0.000000e+00  3.172368e+07
 -4.395578e+04  0.000000e+00  3.173681e+07
 -4.385578e+04  0.000000e+00  3.175002e+07
 -4.375578e+04  0.000000e+00  3.176333e+07
 -4.365578e+04  0.000000e+00  3.177673e+07
 -4.355578e+04  0.000000e+00  3.179022e+07
 -4.345578e+04  0.000000e+00  3.180380e+07
 -4.335578e+04  0.000000e+00  3.181747e+07
 -4.325578e+04  0.000000e+00  3.183124e+07
 -4.315578e+04  0.000000e+00  3.184510e+07
 -4.305578e+04  0.000000e+00  3.185905e+07
 -4.295578e+04  0.000000e+00  3.187309e+07
 -4.285578e+04  0.000000e+00  3.188723e+07
 -4.275578e+04  0.000000e+00  3.190146e+07
 -4.265578e+04  0.000000e+00  3.191578e+07
 -4.255578e+04  0.000000e+00  3.193019e+07
 -4.245578e+04  0.000000e+00  3.194470e+07
 -4.235578e+04  0.000000e+00  3.195930e+07
 -4.225578e+04  0.000000e+00  3.197400e+07
 -4.215578e+04  0.000000e+00  3.198879e+07
 -4.205578e+04  0.000000e+00  3.200367e+07
 -4.195578e+04  0.000000e+00  3.201865e+07
 -4.185578e+04  0.000000e+00  3.203372e+07
 -4.175578e+04  0.000000e+00  3.204888e+07
 -4.165578e+04  0.000000e+00  3.206414e+07
 -4.155578e+04  0.000000e+00  3.207950e+07
 -4.145578e+04  0.000000e+00  3.209495e+07
 -4.135578e+04  0.000000e+00  3.211049e+07
 -4.125578e+04  0.000000e+00  3.212613e+07
 -4.115578e+04  0.000000e+00  3.214186e+07
 -4.105578e+04  0.000000e+00  3.215769e+07
 -4.095578e+04  0.000000e+00  3.217362e+07
 -4.085578e+04  0.000000e+00  3.218964e+07
 -4.075578e+04  0.000000e+00  3.220576e+07
 -4.065578e+04  0.000000e+00  3.222197e+07
 -4.055578e+04  0.000000e+00  3.223828e+07
 -4.045578e+04  0.000000e+00  3.225468e+07
 -4.035578e+04  0.000000e+00  3.227119e+07
 -4.025578e+04  0.000000e+00  3.228778e+07
 -4.015578e+04  0.000000e+00  3.230448e+07
 -4.005578e+04  0.000000e+00  3.232127e+07
 -3.995578e+04  0.000000e+00  3.233816e+07
 -3.985578e+04  0.000000e+00  3.235515e+07
 -3.975578e+04  0.000000e+00  3.237223e+07
 -3.965578e+04  0.000000e+00  3.238941e+07
 -3.955578e+04  0.000000e+00  3.240669e+07
 -3.945578e+04  0.000000e+00  3.242407e+07
 -3.935578e+04  0.000000e+00  3.244154e+07
 -3.925578e+04  0.000000e+00  3.245911e+07
 -3.915578e+04  0.000000e+00  3.247678e+07
 -3.905578e+04  0.000000e+00  3.249455e+07
 -3.895578e+04  0.000000e+00  3.251242e+07
 -3.885578e+04  0.000000e+00  3.253039e+07
 -3.875578e+04  0.000000e+00  3.254845e+07
 -3.865578e+04  0.000000e+00  3.256662e+07
 -3.855578e+04  0.000000e+00  3.258488e+07
 -3.845578e+04  0.000000e+00  3.260324e+07
 -3.835578e+04  0.000000e+00  3.262170e+07
 -3.825578e+04  0.000000e+00  3.264026e+07
 -3.815578e+04  0.000000e+00  3.265893e+07
 -3.805578e+04  0.000000e+00  3.267769e+07
 -3.795578e+04  0.000000e+00  3.269655e+07
 -3.785578e+04  0.000000e+00  3.271551e+07
 -3.775578e+04  0.000000e+00  3.273457e+07
 -3.765578e+04  0.000000e+00  3.275374e+07
 -3.755578e+04  0.000000e+00  3.277300e+07
 -3.745578e+04  0.000000e+00  3.279236e+07
 -3.735578e+04  0.000000e+00  3.281183e+07
 -3.725578e+04  0.000000e+00  3.283139e+07
 -3.715578e+04  0.000000e+00  3.285106e+07
 -3.705578e+04  0.000000e+00  3.287083e+07
 -3.695578e+04  0.000000e+00  3.289070e+07
 -3.685578e+04  0.000000e+00  3.291067e+07
 -3.675578e+04  0.000000e+00  3.293075e+07
 -3.665578e+04  0.000000e+00  3.295092e+07
 -3.655578e+04  0.000000e+00  3.297120e+07
 -3.645578e+04  0.000000e+00  3.299158e+07
 -3.635578e+04  0.000000e+00  3.301206e+07
 -3.625578e+04  0.000000e+00  3.303265e+07
 -3.615578e+04  0.000000e+00  3.305334e+07
 -3.605578e+04  0.000000e+00  3.307413e+07
 -3.595578e+04  0.000000e+00  3.309503e+07
 -3.585578e+04  0.000000e+00  3.311602e+07
 -3.575578e+04  0.000000e+00  3.313713e+07
 -3.565578e+04  0.000000e+00  3.315833e+07
 -3.555578e+04  0.000000e+00  3.317964e+07
 -3.545578e+04  0.000000e+00  3.320105e+07
 -3.535578e+04  0.000000e+00  3.322257e+07
 -3.525578e+04  0.000000e+00  3.324419e+07
 -3.515578e+04  0.000000e+00  3.326592e+07
 -3.505578e+04  0.000000e+00  3.328775e+07
 -3.495578e+04  0.000000e+00  3.330968e+07
 -3.485578e+04  0.000000e+00  3.333172e+07
 -3.475578e+04  0.000000e+00  3.335387e+07
 -3.465578e+04  0.000000e+00  3.337612e+07
 -3.455578e+04  0.000000e+00  3.339847e+07
 -3.445578e+04  0.000000e+00  3.342093e+07
 -3.435578e+04  0.000000e+00  3.344350e+07
 -3.425578e+04  0.000000e+00  3.346617e+07
 -3.415578e+04  0.000000e+00  3.348895e+07
 -3.405578e+04  0.000000e+00  3.351183e+07
 -3.395578e+04  0.000000e+00  3.353482e+07
 -3.385578e+04  0.000000e+00  3.355792e+07
 -3.375578e+04  0.000000e+00  3.358113e+07
 -3.365578e+04  0.000000e+00  3.360444e+07
 -3.355578e+04  0.000000e+00  3.362785e+07
 -3.345578e+04  0.000000e+00  3.365138e+07
 -3.335578e+04  0.000000e+00  3.367501e+07
 -3.325578e+04  0.000000e+00  3.369875e+07
 -3.315578e+04  0.000000e+00  3.372260e+07
 -3.305578e+04  0.000000e+00  3.374655e+07
 -3.295578e+04  0.000000e+00  3.377061e+07
 -3.285578e+04  0.000000e+00  3.379478e+07
 -3.275578e+04  0.000000e+00  3.381906e+07
 -3.265578e+04  0.000000e+00  3.384345e+07
 -3.255578e+04  0.000000e+00  3.386795e+07
 -3.245578e+04  0.000000e+00  3.389255e+07
 -3.235578e+04  0.000000e+00  3.391727e+07
 -3.225578e+04  0.000000e+00  3.394209e+07
 -3.215578e+04  0.000000e+00  3.396702e+07
 -3.205578e+04  0.000000e+00  3.399206e+07
 -3.195578e+04  0.000000e+00  3.401721e+07
 -3.185578e+04  0.000000e+00  3.404247e+07
 -3.175578e+04  0.000000e+00  3.406784e+07
 -3.165578e+04  0.000000e+00  3.409332e+07
 -3.155578e+04  0.000000e+00  3.411891e+07
 -3.145578e+04  0.000000e+00  3.414462e+07
 -3.135578e+04  0.000000e+00  3.417043e+07
 -3.125578e+04  0.000000e+00  3.419635e+07
 -3.115578e+04  0.000000e+00  3.422238e+07
 -3.105578e+04  0.000000e+00  3.424853e+07
 -3.095578e+04  0.000000e+00  3.427478e+07
 -3.085578e+04  0.000000e+00  3.430115e+07
 -3.075578e+04  0.000000e+00  3.432763e+07
 -3.065578e+04  0.000000e+00  3.435422e+07
 -3.055578e+04  0.000000e+00  3.438092e+07
 -3.045578e+04  0.000000e+00  3.440774e+07
 -3.035578e+04  0.000000e+00  3.443466e+07
 -3.025578e+04  0.000000e+00  3.446170e+07
 -3.015578e+04  0.000000e+00  3.448885e+07
 -3.005578e+04  0.000000e+00  3.451612e+07
 -2.995578e+04  0.000000e+00  3.454350e+07
 -2.985578e+04  0.000000e+00  3.457099e+07
 -2.975578e+04  0.000000e+00  3.459859e+07
 -2.965578e+04  0.000000e+00  3.462631e+07
 -2.955578e+04  0.000000e+00  3.465414e+07
 -2.945578e+04  0.000000e+00  3.468208e+07
 -2.935578e+04  0.000000e+00  3.471014e+07
 -2.925578e+04  0.000000e+00  3.473832e+07
 -2.915578e+04  0.000000e+00  3.476660e+07
 -2.905578e+04  0.000000e+00  3.479500e+07
 -2.895578e+04  0.000000e+00  3.482352e+07
 -2.885578e+04  0.000000e+00  3.485215e+07
 -2.875578e+04  0.000000e+00  3.488090e+07
 -2.865578e+04  0.000000e+00  3.490976e+07
 -2.855578e+04  0.000000e+00  3.493874e+07
 -2.845578e+04  0.000000e+00  3.496783e+07
 -2.835578e+04  0.000000e+00  3.499704e+07
 -2.825578e+04  0.000000e+00  3.502636e+07
 -2.815578e+04  0.000000e+00  3.505580e+07
 -2.805578e+04  0.000000e+00  3.508536e+07
 -2.795578e+04  0.000000e+00  3.511503e+07
 -2.785578e+04  0.000000e+00  3.514482e+07
 -2.775578e+04  0.000000e+00  3.517473e+07
 -2.765578e+04  0.000000e+00  3.520475e+07
 -2.755578e+04  0.000000e+00  3.523489e+07
 -2.745578e+04  0.000000e+00  3.526515e+07
 -2.735578e+04  0.000000e+00  3.529553e+07
 -2.725578e+04  0.000000e+00  3.532602e+07
 -2.715578e+04  0.000000e+00  3.535663e+07
 -2.705578e+04  0.000000e+00  3.538736e+07
 -2.695578e+04  0.000000e+00  3.541821e+07
 -2.685578e+04  0.000000e+00  3.544918e+07
 -2.675578e+04  0.000000e+00  3.548026e+07
 -2.665578e+04  0.000000e+00  3.551147e+07
 -2.655578e+04  0.000000e+00  3.554279e+07
 -2.645578e+04  0.000000e+00  3.557423e+07
 -2.635578e+04  0.000000e+00  3.560579e+07
 -2.625578e+04  0.000000e+00  3.563747e+07
 -2.615578e+04  0.000000e+00  3.566928e+07
 -2.605578e+04  0.000000e+00  3.570120e+07
 -2.595578e+04  0.000000e+00  3.573324e+07
 -2.585578e+04  0.000000e+00  3.576540e+07
 -2.575578e+04  0.000000e+00  3.579768e+07
 -2.565578e+04  0.000000e+00  3.583008e+07
 -2.555578e+04  0.000000e+00  3.586261e+07
 -2.545578e+04  0.000000e+00  3.589525e+07
 -2.535578e+04  0.000000e+00  3.592802e+07
 -2.525578e+04  0.000000e+00  3.596091e+07
 -2.515578e+04  0.000000e+00  3.599392e+07
 -2.505578e+04  0.000000e+00  3.602705e+07
 -2.495578e+04  0.000000e+00  3.606030e+07
 -2.485578e+04  0.000000e+00  3.609368e+07
 -2.475578e+04  0.000000e+00  3.612718e+07
 -2.465578e+04  0.000000e+00  3.616080e+07
 -2.455578e+04  0.000000e+00  3.619454e+07
 -2.445578e+04  0.000000e+00  3.622841e+07
 -2.435578e+04  0.000000e+00  3.626240e+07
 -2.425578e+04  0.000000e+00  3.629651e+07
 -2.415578e+04  0.000000e+00  3.633075e+07
 -2.405578e+04  0.000000e+00  3.636511e+07
 -2.395578e+04  0.000000e+00  3.639959e+07
 -2.385578e+04  0.000000e+00  3.643420e+07
 -2.375578e+04  0.000000e+00  3.646894e+07
 -2.365578e+04  0.000000e+00  3.650380e+07
 -2.355578e+04  0.000000e+00  3.653878e+07
 -2.345578e+04  0.000000e+00  3.657389e+07
 -2.335578e+04  0.000000e+00  3.660912e+07
 -2.325578e+04  0.000000e+00  3.664448e+07
 -2.315578e+04  0.000000e+00  3.667997e+07
 -2.305578e+04  0.000000e+00  3.671558e+07
 -2.295578e+04  0.000000e+00  3.675131e+07
 -2.285578e+04  0.000000e+00  3.678718e+07
 -2.275578e+04  0.000000e+00  3.682316e+07
 -2.265578e+04  0.000000e+00  3.685928e+07
 -2.255578e+04  0.000000e+00  3.689552e+07
 -2.245578e+04  0.000000e+00  3.693189e+07
 -2.235578e+04  0.000000e+00  3.696839e+07
 -2.225578e+04  0.000000e+00  3.700502e+07
 -2.215578e+04  0.000000e+00  3.704177e+07
 -2.205578e+04  0.000000e+00  3.707865e+07
 -2.195578e+04  0.000000e+00  3.711566e+07
 -2.185578e+04  0.000000e+00  3.715280e+07
 -2.175578e+04  0.000000e+00  3.719006e+07
 -2.165578e+04  0.000000e+00  3.722746e+07
 -2.155578e+04  0.000000e+00  3.726498e+07
 -2.145578e+04  0.000000e+00  3.730263e+07
 -2.135578e+04  0.000000e+00  3.734042e+07
 -2.125578e+04  0.000000e+00  3.737833e+07
 -2.115578e+04  0.000000e+00  3.741637e+07
 -2.105578e+04  0.000000e+00  3.745454e+07
 -2.095578e+04  0.000000e+00  3.749284e+07
 -2.085578e+04  0.000000e+00  3.753128e+07
 -2.075578e+04  0.000000e+00  3.756984e+07
 -2.065578e+04  0.000000e+00  3.760853e+07
 -2.055578e+04  0.000000e+00  3.764736e+07
 -2.045578e+04  0.000000e+00  3.768632e+07
 -2.035578e+04  0.000000e+00  3.772540e+07
 -2.025578e+04  0.000000e+00  3.776462e+07
 -2.015578e+04  0.000000e+00  3.780398e+07
 -2.005578e+04  0.000000e+00  3.784346e+07
 -1.995578e+04  0.000000e+00  3.788308e+07
 -1.985578e+04  0.000000e+00  3.792283e+07
 -1.975578e+04  0.000000e+00  3.796271e+07
 -1.965578e+04  0.000000e+00  3.800273e+07
 -1.955578e+04  0.000000e+00  3.804288e+07
 -1.945578e+04  0.000000e+00  3.808316e+07
 -1.935578e+04  0.000000e+00  3.812358e+07
 -1.925578e+04  0.000000e+00  3.816413e+07
 -1.915578e+04  0.000000e+00  3.820481e+07
 -1.905578e+04  0.000000e+00  3.824563e+07
 -1.895578e+04  0.000000e+00  3.828659e+07
 -1.885578e+04  0.000000e+00  3.832767e+07
 -1.875578e+04  0.000000e+00  3.836890e+07
 -1.865578e+04  0.000000e+00  3.841026e+07
 -1.855578e+04  0.000000e+00  3.845175e+07
 -1.845578e+04  0.000000e+00  3.849339e+07
 -1.835578e+04  0.000000e+00  3.853515e+07
 -1.825578e+04  0.000000e+00  3.857706e+07
 -1.815578e+04  0.000000e+00  3.861910e+07
 -1.805578e+04  0.000000e+00  3.866128e+07
 -1.795578e+04  0.000000e+00  3.870359e+07
 -1.785578e+04  0.000000e+00  3.874604e+07
 -1.775578e+04  0.000000e+00  3.878863e+07
 -1.765578e+04  0.000000e+00  3.883136e+07
 -1.755578e+04  0.000000e+00  3.887422e+07
 -1.745578e+04  0.000000e+00  3.891723e+07
 -1.735578e+04  0.000000e+00  3.896037e+07
 -1.725578e+04  0.000000e+00  3.900365e+07
 -1.715578e+04  0.000000e+00  3.904707e+07
 -1.705578e+04  0.000000e+00  3.909063e+07
 -1.695578e+04  0.000000e+00  3.913433e+07
 -1.685578e+04  0.000000e+00  3.917816e+07
 -1.675578e+04  0.000000e+00  3.922214e+07
 -1.665578e+04  0.000000e+00  3.926626e+07
 -1.655578e+04  0.000000e+00  3.931052e+07
 -1.645578e+04  0.000000e+00  3.935492e+07
 -1.635578e+04  0.000000e+00  3.939946e+07
 -1.625578e+04  0.000000e+00  3.944414e+07
 -1.615578e+04  0.000000e+00  3.948896e+07
 -1.605578e+04  0.000000e+00  3.953393e+07
 -1.595578e+04  0.000000e+00  3.957903e+07
 -1.585578e+04  0.000000e+00  3.962428e+07
 -1.575578e+04  0.000000e+00  3.966967e+07
 -1.565578e+04  0.000000e+00  3.971521e+07
 -1.555578e+04  0.000000e+00  3.976089e+07
 -1.545578e+04  0.000000e+00  3.980671e+07
 -1.535578e+04  0.000000e+00  3.985267e+07
 -1.525578e+04  0.000000e+00  3.989878e+07
 -1.515578e+04  0.000000e+00  3.994503e+07
 -1.505578e+04  0.000000e+00  3.999142e+07
 -1.495578e+04  0.000000e+00  4.003796e+07
 -1.485578e+04  0.000000e+00  4.008465e+07
 -1.475578e+04  0.000000e+00  4.013148e+07
 -1.465578e+04  0.000000e+00  4.017845e+07
 -1.455578e+04  0.000000e+00  4.022557e+07
 -1.445578e+04  0.000000e+00  4.027284e+07
 -1.435578e+04  0.000000e+00  4.032025e+07
 -1.425578e+04  0.000000e+00  4.036781e+07
 -1.415578e+04  0.000000e+00  4.041552e+07
 -1.405578e+04  0.000000e+00  4.046337e+07
 -1.395578e+04  0.000000e+00  4.051137e+07
 -1.385578e+04  0.000000e+00  4.055951e+07
 -1.375578e+04  0.000000e+00  4.060781e+07
 -1.365578e+04  0.000000e+00  4.065625e+07
 -1.355578e+04  0.000000e+00  4.070484e+07
 -1.345578e+04  0.000000e+00  4.075358e+07
 -1.335578e+04  0.000000e+00  4.080247e+07
 -1.325578e+04  0.000000e+00  4.085150e+07
 -1.315578e+04  0.000000e+00  4.090069e+07
 -1.305578e+04  0.000000e+00  4.095002e+07
 -1.295578e+04  0.000000e+00  4.099951e+07
 -1.285578e+04  0.000000e+00  4.104914e+07
 -1.275578e+04  0.000000e+00  4.109893e+07
 -1.265578e+04  0.000000e+00  4.114886e+07
 -1.255578e+04  0.000000e+00  4.119895e+07
 -1.245578e+04  0.000000e+00  4.124919e+07
 -1.235578e+04  0.000000e+00  4.129958e+07
 -1.225578e+04  0.000000e+00  4.135012e+07
 -1.215578e+04  0.000000e+00  4.140081e+07
 -1.205578e+04  0.000000e+00  4.145166e+07
 -1.195578e+04  0.000000e+00  4.150266e+07
 -1.185578e+04  0.000000e+00  4.155381e+07
 -1.175578e+04  0.000000e+00  4.160511e+07
 -1.165578e+04  0.000000e+00  4.165657e+07
 -1.155578e+04  0.000000e+00  4.170818e+07
 -1.145578e+04  0.000000e+00  4.175995e+07
 -1.135578e+04  0.000000e+00  4.181187e+07
 -1.125578e+04  0.000000e+00  4.186394e+07
 -1.115578e+04  0.000000e+00  4.191617e+07
 -1.105578e+04  0.000000e+00  4.196856e+07
 -1.095578e+04  0.000000e+00  4.202110e+07
 -1.085578e+04  0.000000e+00  4.207379e+07
 -1.075578e+04  0.000000e+00  4.212665e+07
 -1.065578e+04  0.000000e+00  4.217966e+07
 -1.055578e+04  0.000000e+00  4.223282e+07
 -1.045578e+04  0.000000e+00  4.228614e+07
 -1.035578e+04  0.000000e+00  4.233962e+07
 -1.025578e+04  0.000000e+00  4.239326e+07
 -1.015578e+04  0.000000e+00  4.244705e+07
 -1.005578e+04  0.000000e+00  4.250101e+07
 -9.955780e+03  0.000000e+00  4.255512e+07
 -9.855780e+03  0.000000e+00  4.260939e+07
 -9.755780e+03  0.000000e+00  4.266382e+07
 -9.655780e+03  0.000000e+00  4.271840e+07
 -9.555780e+03  0.000000e+00  4.277315e+07
 -9.455780e+03  0.000000e+00  4.282806e+07
 -9.355780e+03  0.000000e+00  4.288313e+07
 -9.255780e+03  0.000000e+00  4.293836e+07
 -9.155780e+03  0.000000e+00  4.299375e+07
 -9.055780e+03  0.000000e+00  4.304930e+07
 -8.955780e+03  0.000000e+00  4.310501e+07
 -8.855780e+03  0.000000e+00  4.316088e+07
 -8.755780e+03  0.000000e+00  4.321692e+07
 -8.655780e+03  0.000000e+00  4.327312e+07
 -8.555780e+03  0.000000e+00  4.332948e+07
 -8.455780e+03  0.000000e+00  4.338600e+07
 -8.355780e+03  0.000000e+00  4.344269e+07
 -8.255780e+03  0.000000e+00  4.349954e+07
 -8.155780e+03  0.000000e+00  4.355656e+07
 -8.055780e+03  0.000000e+00  4.361374e+07
 -7.955780e+03  0.000000e+00  4.367108e+07
 -7.855780e+03  0.000000e+00  4.372859e+07
 -7.755780e+03  0.000000e+00  4.378627e+07
 -7.655780e+03  0.000000e+00  4.384411e+07
 -7.555780e+03  0.000000e+00  4.390211e+07
 -7.455780e+03  0.000000e+00  4.396028e+07
 -7.355780e+03  0.000000e+00  4.401862e+07
 -7.255780e+03  0.000000e+00  4.407713e+07
 -7.155780e+03  0.000000e+00  4.413580e+07
 -7.055780e+03  0.000000e+00  4.419464e+07
 -6.955780e+03  0.000000e+00  4.425365e+07
 -6.855780e+03  0.000000e+00  4.431283e+07
 -6.755780e+03  0.000000e+00  4.437217e+07
 -6.655780e+03  0.000000e+00  4.443169e+07
 -6.555780e+03  0.000000e+00  4.449137e+07
 -6.455780e+03  0.000000e+00  4.455123e+07
 -6.355780e+03  0.000000e+00  4.461125e+07
 -6.255780e+03  0.000000e+00  4.467144e+07
 -6.155780e+03  0.000000e+00  4.473181e+07
 -6.055780e+03  0.000000e+00  4.479234e+07
 -5.955780e+03  0.000000e+00  4.485305e+07
 -5.855780e+03  0.000000e+00  4.491392e+07
 -5.755780e+03  0.000000e+00  4.497497e+07
 -5.655780e+03  0.000000e+00  4.503619e+07
 -5.555780e+03  0.000000e+00  4.509759e+07
 -5.455780e+03  0.000000e+00  4.515916e+07
 -5.355780e+03  0.000000e+00  4.522090e+07
 -5.255780e+03  0.000000e+00  4.528281e+07
 -5.155780e+03  0.000000e+00  4.534490e+07
 -5.055780e+03  0.000000e+00  4.540716e+07
 -4.955780e+03  0.000000e+00  4.546960e+07
 -4.855780e+03  0.000000e+00  4.553221e+07
 -4.755780e+03  0.000000e+00  4.559500e+07
 -4.655780e+03  0.000000e+00  4.565796e+07
 -4.555780e+03  0.000000e+00  4.572110e+07
 -4.455780e+03  0.000000e+00  4.578442e+07
 -4.355780e+03  0.000000e+00  4.584791e+07
 -4.255780e+03  0.000000e+00  4.591158e+07
 -4.155780e+03  0.000000e+00  4.597543e+07
 -4.055780e+03  0.000000e+00  4.603945e+07
 -3.955780e+03  0.000000e+00  4.610366e+07
 -3.855780e+03  0.000000e+00  4.616804e+07
 -3.755780e+03  0.000000e+00  4.623260e+07
 -3.655780e+03  0.000000e+00  4.629734e+07
 -3.555780e+03  0.000000e+00  4.636226e+07
 -3.455780e+03  0.000000e+00  4.642736e+07
 -3.355780e+03  0.000000e+00  4.649264e+07
 -3.255780e+03  0.000000e+00  4.655810e+07
 -3.155780e+03  0.000000e+00  4.662374e+07
 -3.055780e+03  0.000000e+00  4.668957e+07
 -2.955780e+03  0.000000e+00  4.675557e+07
 -2.855780e+03  0.000000e+00  4.682176e+07
 -2.755780e+03  0.000000e+00  4.688813e+07
 -2.655780e+03  0.000000e+00  4.695469e+07
 -2.555780e+03  0.000000e+00  4.702143e+07
 -2.455780e+03  0.000000e+00  4.708835e+07
 -2.355780e+03  0.000000e+00  4.715545e+07
 -2.255780e+03  0.000000e+00  4.722274e+07
 -2.155780e+03  0.000000e+00  4.729022e+07
 -2.055780e+03  0.000000e+00  4.735788e+07
 -1.955780e+03  0.000000e+00  4.742572e+07
 -1.855780e+03  0.000000e+00  4.749375e+07
 -1.755780e+03  0.000000e+00  4.756197e+07
 -1.655780e+03  0.000000e+00  4.763038e+07
 -1.555780e+03  0.000000e+00  4.769897e+07
 -1.455780e+03  0.000000e+00  4.776775e+07
 -1.355780e+03  0.000000e+00  4.783672e+07
 -1.255780e+03  0.000000e+00  4.790588e+07
 -1.155780e+03  0.000000e+00  4.797522e+07
 -1.055780e+03  0.000000e+00  4.804476e+07
 -9.557800e+02  0.000000e+00  4.811448e+07
 -8.557800e+02  0.000000e+00  4.818439e+07
 -7.557800e+02  0.000000e+00  4.825450e+07
 -6.557800e+02  0.000000e+00  4.832479e+07
 -5.557800e+02  0.000000e+00  4.839528e+07
 -4.557800e+02  0.000000e+00  4.846596e+07
 -3.557800e+02  0.000000e+00  4.853683e+07
 -2.557800e+02  0.000000e+00  4.860789e+07
 -1.557800e+02  0.000000e+00  4.867915e+07
 -5.578000e+01  0.000000e+00  4.875059e+07
  4.422000e+01  0.000000e+00  4.887286e+07
  1.442200e+02  0.000000e+00  4.905942e+07
  2.442200e+02  0.000000e+00  4.924652e+07
  3.442200e+02  0.000000e+00  4.943414e+07
  4.442200e+02  0.000000e+00  4.962231e+07
  5.442200e+02  0.000000e+00  4.981101e+07
  6.442200e+02  0.000000e+00  5.000025e+07
  7.442200e+02  0.000000e+00  5.019004e+07
  8.442200e+02  0.000000e+00  5.038036e+07
  9.442200e+02  0.000000e+00  5.057123e+07
  1.044220e+03  0.000000e+00  5.076265e+07
  1.144220e+03  0.000000e+00  5.095462e+07
  1.244220e+03  0.000000e+00  5.114714e+07
  1.344220e+03  0.000000e+00  5.134021e+07
  1.444220e+03  0.000000e+00  5.153383e+07
  1.544220e+03  0.000000e+00  5.172801e+07
  1.644220e+03  0.000000e+00  5.192275e+07
  1.744220e+03  0.000000e+00  5.211804e+07
  1.844220e+03  0.000000e+00  5.231390e+07
  1.944220e+03  0.000000e+00  5.251032e+07
  2.044220e+03  0.000000e+00  5.270731e+07
  2.144220e+03  0.000000e+00  5.290486e+07
  2.244220e+03  0.000000e+00  5.310299e+07
  2.344220e+03  0.000000e+00  5.330168e+07
  2.444220e+03  0.000000e+00  5.350095e+07
  2.544220e+03  0.000000e+00  5.370079e+07
  2.644220e+03  0.000000e+00  5.390121e+07
  2.744220e+03  0.000000e+00  5.410221e+07
  2.844220e+03  0.000000e+00  5.430378e+07
  2.944220e+03  0.000000e+00  5.450594e+07
  3.044220e+03  0.000000e+00  5.470869e+07
  3.144220e+03  0.000000e+00  5.491202e+07
  3.244220e+03  0.000000e+00  5.511594e+07
  3.344220e+03  0.000000e+00  5.532044e+07
  3.444220e+03  0.000000e+00  5.552554e+07
  3.544220e+03  0.000000e+00  5.573124e+07
  3.644220e+03  0.000000e+00  5.593753e+07
  3.744220e+03  0.000000e+00  5.614442e+07
  3.844220e+03  0.000000e+00  5.635190e+07
  3.944220e+03  0.000000e+00  5.655999e+07
  4.044220e+03  0.000000e+00  5.676869e+07
  4.144220e+03  0.000000e+00  5.697799e+07
  4.244220e+03  0.000000e+00  5.718789e+07
  4.344220e+03  0.000000e+00  5.739841e+07
  4.444220e+03  0.000000e+00  5.760954e+07
  4.544220e+03  0.000000e+00  5.782128e+07
  4.644220e+03  0.000000e+00  5.803364e+07
  4.744220e+03  0.000000e+00  5.824661e+07
  4.844220e+03  0.000000e+00  5.846021e+07
  4.944220e+03  0.000000e+00  5.867443e+07
  5.044220e+03  0.000000e+00  5.888927e+07
  5.144220e+03  0.000000e+00  5.910473e+07
  5.244220e+03  0.000000e+00  5.932083e+07
  5.344220e+03  0.000000e+00  5.953756e+07
  5.444220e+03  0.000000e+00  5.975491e+07
  5.544220e+03  0.000000e+00  5.997290e+07
  5.644220e+03  0.000000e+00  6.019153e+07
  5.744220e+03  0.000000e+00  6.041080e+07
  5.844220e+03  0.000000e+00  6.063071e+07
  5.944220e+03  0.000000e+00  6.085126e+07
  6.044220e+03  0.000000e+00  6.107245e+07
  6.144220e+03  0.000000e+00  6.129429e+07
  6.244220e+03  0.000000e+00  6.151678e+07
  6.344220e+03  0.000000e+00  6.173992e+07
  6.444220e+03  0.000000e+00  6.196371e+07
  6.544220e+03  0.000000e+00  6.218816e+07
  6.644220e+03  0.000000e+00  6.241327e+07
  6.744220e+03  0.000000e+00  6.263903e+07
  6.844220e+03  0.000000e+00  6.286546e+07
  6.944220e+03  0.000000e+00  6.309255e+07
  7.044220e+03  0.000000e+00  6.332031e+07
  7.144220e+03  0.000000e+00  6.354873e+07
  7.244220e+03  0.000000e+00  6.377783e+07
  7.344220e+03  0.000000e+00  6.400759e+07
  7.444220e+03  0.000000e+00  6.423804e+07
  7.544220e+03  0.000000e+00  6.446916e+07
  7.644220e+03  0.000000e+00  6.470095e+07
  7.744220e+03  0.000000e+00  6.493343e+07
  7.844220e+03  0.000000e+00  6.516660e+07
  7.944220e+03  0.000000e+00  6.540044e+07
  8.044220e+03  0.000000e+00  6.563498e+07
  8.144220e+03  0.000000e+00  6.587021e+07
  8.244220e+03  0.000000e+00  6.610612e+07
  8.344220e+03  0.000000e+00  6.634274e+07
  8.444220e+03  0.000000e+00  6.658005e+07
  8.544220e+03  0.000000e+00  6.681806e+07
  8.644220e+03  0.000000e+00  6.705677e+07
  8.744220e+03  0.000000e+00  6.729618e+07
  8.844220e+03  0.000000e+00  6.753630e+07
  8.944220e+03  0.000000e+00  6.777713e+07
  9.044220e+03  0.000000e+00  6.801867e+07
  9.144220e+03  0.000000e+00  6.826092e+07
  9.244220e+03  0.000000e+00  6.850389e+07
  9.344220e+03  0.000000e+00  6.874757e+07
  9.444220e+03  0.000000e+00  6.899197e+07
  9.544220e+03  0.000000e+00  6.923710e+07
  9.644220e+03  0.000000e+00  6.948295e+07
  9.744220e+03  0.000000e+00  6.972952e+07
  9.844220e+03  0.000000e+00  6.997683e+07
  9.944220e+03  0.000000e+00  7.022487e+07
  1.004422e+04  0.000000e+00  7.047364e+07
  1.014422e+04  0.000000e+00  7.072314e+07
  1.024422e+04  0.000000e+00  7.097339e+07
  1.034422e+04  0.000000e+00  7.122437e+07
  1.044422e+04  0.000000e+00  7.147610e+07
  1.054422e+04  0.000000e+00  7.172858e+07
  1.064422e+04  0.000000e+00  7.198180e+07
  1.074422e+04  0.000000e+00  7.223577e+07
  1.084422e+04  0.000000e+00  7.249050e+07
  1.094422e+04  0.000000e+00  7.274598e+07
  1.104422e+04  0.000000e+00  7.300222e+07
  1.114422e+04  0.000000e+00  7.325922e+07
  1.124422e+04  0.000000e+00  7.351698e+07
  1.134422e+04  0.000000e+00  7.377551e+07
  1.144422e+04  0.000000e+00  7.403480e+07
  1.154422e+04  0.000000e+00  7.429487e+07
  1.164422e+04  0.000000e+00  7.455570e+07
  1.174422e+04  0.000000e+00  7.481731e+07
  1.184422e+04  0.000000e+00  7.507970e+07
  1.194422e+04  0.000000e+00  7.534287e+07
  1.204422e+04  0.000000e+00  7.560682e+07
  1.214422e+04  0.000000e+00  7.587156e+07
  1.224422e+04  0.000000e+00  7.613708e+07
  1.234422e+04  0.000000e+00  7.640339e+07
  1.244422e+04  0.000000e+00  7.667050e+07
  1.254422e+04  0.000000e+00  7.693840e+07
  1.264422e+04  0.000000e+00  7.720710e+07
  1.274422e+04  0.000000e+00  7.747659e+07
  1.284422e+04  0.000000e+00  7.774689e+07
  1.294422e+04  0.000000e+00  7.801800e+07
  1.304422e+04  0.000000e+00  7.828991e+07
  1.314422e+04  0.000000e+00  7.856264e+07
  1.324422e+04  0.000000e+00  7.883617e+07
  1.334422e+04  0.000000e+00  7.911053e+07
  1.344422e+04  0.000000e+00  7.938570e+07
  1.354422e+04  0.000000e+00  7.966169e+07
  1.364422e+04  0.000000e+00  7.993850e+07
  1.374422e+04  0.000000e+00  8.021614e+07
  1.384422e+04  0.000000e+00  8.049461e+07
  1.394422e+04  0.000000e+00  8.077391e+07
  1.404422e+04  0.000000e+00  8.105404e+07
  1.414422e+04  0.000000e+00  8.133501e+07
  1.424422e+04  0.000000e+00  8.161682e+07
  1.434422e+04  0.000000e+00  8.189947e+07
  1.444422e+04  0.000000e+00  8.218297e+07
  1.454422e+04  0.000000e+00  8.246731e+07
  1.464422e+04  0.000000e+00  8.275251e+07
  1.474422e+04  0.000000e+00  8.303855e+07
  1.484422e+04  0.000000e+00  8.332545e+07
  1.494422e+04  0.000000e+00  8.361321e+07
  1.504422e+04  0.000000e+00  8.390183e+07
  1.514422e+04  0.000000e+00  8.419131e+07
  1.524422e+04  0.000000e+00  8.448166e+07
  1.534422e+04  0.000000e+00  8.477288e+07
  1.544422e+04  0.000000e+00  8.506497e+07
  1.554422e+04  0.000000e+00  8.535794e+07
  1.564422e+04  0.000000e+00  8.565178e+07
  1.574422e+04  0.000000e+00  8.594650e+07
  1.584422e+04  0.000000e+00  8.624211e+07
  1.594422e+04  0.000000e+00  8.653860e+07
  1.604422e+04  0.000000e+00  8.683598e+07
  1.614422e+04  0.000000e+00  8.713425e+07
  1.624422e+04  0.000000e+00  8.743342e+07
  1.634422e+04  0.000000e+00  8.773348e+07
  1.644422e+04  0.000000e+00  8.803444e+07
  1.654422e+04  0.000000e+00  8.833631e+07
  1.664422e+04  0.000000e+00  8.863908e+07
  1.674422e+04  0.000000e+00  8.894275e+07
  1.684422e+04  0.000000e+00  8.924734e+07
  1.694422e+04  0.000000e+00  8.955285e+07
  1.704422e+04  0.000000e+00  8.985927e+07
  1.714422e+04  0.000000e+00  9.016661e+07
  1.724422e+04  0.000000e+00  9.047487e+07
  1.734422e+04  0.000000e+00  9.078406e+07
  1.744422e+04  0.000000e+00  9.109418e+07
  1.754422e+04  0.000000e+00  9.140523e+07
  1.764422e+04  0.000000e+00  9.171722e+07
  1.774422e+04  0.000000e+00  9.203014e+07
  1.784422e+04  0.000000e+00  9.234400e+07
  1.794422e+04  0.000000e+00  9.265881e+07
  1.804422e+04  0.000000e+00  9.297456e+07
  1.814422e+04  0.000000e+00  9.329126e+07
  1.824422e+04  0.000000e+00  9.360892e+07
  1.834422e+04  0.000000e+00  9.392753e+07
  1.844422e+04  0.000000e+00  9.424710e+07
  1.854422e+04  0.000000e+00  9.456763e+07
  1.864422e+04  0.000000e+00  9.488912e+07
  1.874422e+04  0.000000e+00  9.521158e+07
  1.884422e+04  0.000000e+00  9.553502e+07
  1.894422e+04  0.000000e+00  9.585942e+07
  1.904422e+04  0.000000e+00  9.618480e+07
  1.914422e+04  0.000000e+00  9.651117e+07
  1.924422e+04  0.000000e+00  9.683851e+07
  1.934422e+04  0.000000e+00  9.716684e+07
  1.944422e+04  0.000000e+00  9.749616e+07
  1.954422e+04  0.000000e+00  9.782648e+07
  1.964422e+04  0.000000e+00  9.815779e+07
  1.974422e+04  0.000000e+00  9.849009e+07
  1.984422e+04  0.000000e+00  9.882340e+07
  1.994422e+04  0.000000e+00  9.915771e+07
  2.004422e+04  0.000000e+00  9.949303e+07
  2.014422e+04  0.000000e+00  9.982936e+07
  2.024422e+04  0.000000e+00  1.001667e+08
  2.034422e+04  0.000000e+00  1.005051e+08
  2.044422e+04  0.000000e+00  1.008445e+08
  2.054422e+04  0.000000e+00  1.011849e+08
  2.064422e+04  0.000000e+00  1.015263e+08
  2.074422e+04  0.000000e+00  1.018688e+08
  2.084422e+04  0.000000e+00  1.022123e+08
  2.094422e+04  0.000000e+00  1.025568e+08
  2.104422e+04  0.000000e+00  1.029024e+08
  2.114422e+04  0.000000e+00  1.032490e+08
  2.124422e+04  0.000000e+00  1.035967e+08
  2.134422e+04  0.000000e+00  1.039454e+08
  2.144422e+04  0.000000e+00  1.042951e+08
  2.154422e+04  0.000000e+00  1.046460e+08
  2.164422e+04  0.000000e+00  1.049978e+08
  2.174422e+04  0.000000e+00  1.053508e+08
  2.184422e+04  0.000000e+00  1.057048e+08
  2.194422e+04  0.000000e+00  1.060599e+08
  2.204422e+04  0.000000e+00  1.064160e+08
  2.214422e+04  0.000000e+00  1.067733e+08
  2.224422e+04  0.000000e+00  1.071316e+08
  2.234422e+04  0.000000e+00  1.074910e+08
  2.244422e+04  0.000000e+00  1.078514e+08
  2.254422e+04  0.000000e+00  1.082130e+08
  2.264422e+04  0.000000e+00  1.085757e+08
  2.274422e+04  0.000000e+00  1.089394e+08
  2.284422e+04  0.000000e+00  1.093043e+08
  2.294422e+04  0.000000e+00  1.096703e+08
  2.304422e+04  0.000000e+00  1.100373e+08
  2.314422e+04  0.000000e+00  1.104055e+08
  2.324422e+04  0.000000e+00  1.107748e+08
  2.334422e+04  0.000000e+00  1.111452e+08
  2.344422e+04  0.000000e+00  1.115167e+08
  2.354422e+04  0.000000e+00  1.118894e+08
  2.364422e+04  0.000000e+00  1.122632e+08
  2.374422e+04  0.000000e+00  1.126381e+08
  2.384422e+04  0.000000e+00  1.130141e+08
  2.394422e+04  0.000000e+00  1.133913e+08
  2.404422e+04  0.000000e+00  1.137697e+08
  2.414422e+04  0.000000e+00  1.141491e+08
  2.424422e+04  0.000000e+00  1.145298e+08
  2.434422e+04  0.000000e+00  1.149115e+08
  2.444422e+04  0.000000e+00  1.152945e+08
  2.454422e+04  0.000000e+00  1.156786e+08
  2.464422e+04  0.000000e+00  1.160638e+08
  2.474422e+04  0.000000e+00  1.164502e+08
  2.484422e+04  0.000000e+00  1.168378e+08
  2.494422e+04  0.000000e+00  1.172266e+08
  2.504422e+04  0.000000e+00  1.176166e+08
  2.514422e+04  0.000000e+00  1.180077e+08
  2.524422e+04  0.000000e+00  1.184000e+08
  2.534422e+04  0.000000e+00  1.187935e+08
  2.544422e+04  0.000000e+00  1.191882e+08
  2.554422e+04  0.000000e+00  1.195841e+08
  2.564422e+04  0.000000e+00  1.199812e+08
  2.574422e+04  0.000000e+00  1.203795e+08
  2.584422e+04  0.000000e+00  1.207790e+08
  2.594422e+04  0.000000e+00  1.211797e+08
  2.604422e+04  0.000000e+00  1.215816e+08
  2.614422e+04  0.000000e+00  1.219847e+08
  2.624422e+04  0.000000e+00  1.223891e+08
  2.634422e+04  0.000000e+00  1.227947e+08
  2.644422e+04  0.000000e+00  1.232015e+08
  2.654422e+04  0.000000e+00  1.236096e+08
  2.664422e+04  0.000000e+00  1.240189e+08
  2.674422e+04  0.000000e+00  1.244294e+08
  2.684422e+04  0.000000e+00  1.248412e+08
  2.694422e+04  0.000000e+00  1.252542e+08
  2.704422e+04  0.000000e+00  1.256685e+08
  2.714422e+04  0.000000e+00  1.260841e+08
  2.724422e+04  0.000000e+00  1.265009e+08
  2.734422e+04  0.000000e+00  1.269189e+08
  2.744422e+04  0.000000e+00  1.273383e+08
  2.754422e+04  0.000000e+00  1.277589e+08
  2.764422e+04  0.000000e+00  1.281807e+08
  2.774422e+04  0.000000e+00  1.286039e+08
  2.784422e+04  0.000000e+00  1.290284e+08
  2.794422e+04  0.000000e+00  1.294541e+08
  2.804422e+04  0.000000e+00  1.298811e+08
  2.814422e+04  0.000000e+00  1.303094e+08
  2.824422e+04  0.000000e+00  1.307391e+08
  2.834422e+04  0.000000e+00  1.311700e+08
  2.844422e+04  0.000000e+00  1.316022e+08
  2.854422e+04  0.000000e+00  1.320358e+08
  2.864422e+04  0.000000e+00  1.324706e+08
  2.874422e+04  0.000000e+00  1.329068e+08
  2.884422e+04  0.000000e+00  1.333443e+08
  2.894422e+04  0.000000e+00  1.337832e+08
  2.904422e+04  0.000000e+00  1.342233e+08
  2.914422e+04  0.000000e+00  1.346649e+08
  2.924422e+04  0.000000e+00  1.351077e+08
  2.934422e+04  0.000000e+00  1.355519e+08
  2.944422e+04  0.000000e+00  1.359974e+08
  2.954422e+04  0.000000e+00  1.364443e+08
  2.964422e+04  0.000000e+00  1.368926e+08
  2.974422e+04  0.000000e+00  1.373422e+08
  2.984422e+04  0.000000e+00  1.377932e+08
  2.994422e+04  0.000000e+00  1.382455e+08
  3.004422e+04  0.000000e+00  1.386992e+08
  3.014422e+04  0.000000e+00  1.391543e+08
  3.024422e+04  0.000000e+00  1.396108e+08
  3.034422e+04  0.000000e+00  1.400687e+08
  3.044422e+04  0.000000e+00  1.405280e+08
  3.054422e+04  0.000000e+00  1.409886e+08
  3.064422e+04  0.000000e+00  1.414507e+08
  3.074422e+04  0.000000e+00  1.419141e+08
  3.084422e+04  0.000000e+00  1.423790e+08
  3.094422e+04  0.000000e+00  1.428453e+08
  3.104422e+04  0.000000e+00  1.433130e+08
  3.114422e+04  0.000000e+00  1.437821e+08
  3.124422e+04  0.000000e+00  1.442526e+08
  3.134422e+04  0.000000e+00  1.447246e+08
  3.144422e+04  0.000000e+00  1.451980e+08
  3.154422e+04  0.000000e+00  1.456728e+08
  3.164422e+04  0.000000e+00  1.461491e+08
  3.174422e+04  0.000000e+00  1.466269e+08
  3.184422e+04  0.000000e+00  1.471061e+08
  3.194422e+04  0.000000e+00  1.475867e+08
  3.204422e+04  0.000000e+00  1.480688e+08
  3.214422e+04  0.000000e+00  1.485524e+08
  3.224422e+04  0.000000e+00  1.490374e+08
  3.234422e+04  0.000000e+00  1.495239e+08
  3.244422e+04  0.000000e+00  1.500119e+08
  3.254422e+04  0.000000e+00  1.505014e+08
  3.264422e+04  0.000000e+00  1.509923e+08
  3.274422e+04  0.000000e+00  1.514848e+08
  3.284422e+04  0.000000e+00  1.519787e+08
  3.294422e+04  0.000000e+00  1.524742e+08
  3.304422e+04  0.000000e+00  1.529711e+08
  3.314422e+04  0.000000e+00  1.534696e+08
  3.324422e+04  0.000000e+00  1.539696e+08
  3.334422e+04  0.000000e+00  1.544711e+08
  3.344422e+04  0.000000e+00  1.549741e+08
  3.354422e+04  0.000000e+00  1.554787e+08
  3.364422e+04  0.000000e+00  1.559847e+08
  3.374422e+04  0.000000e+00  1.564924e+08
  3.384422e+04  0.000000e+00  1.570015e+08
  3.394422e+04  0.000000e+00  1.575122e+08
  3.404422e+04  0.000000e+00  1.580245e+08
  3.414422e+04  0.000000e+00  1.585383e+08
  3.424422e+04  0.000000e+00  1.590537e+08
  3.434422e+04  0.000000e+00  1.595707e+08
  3.444422e+04  0.000000e+00  1.600892e+08
  3.454422e+04  0.000000e+00  1.606093e+08
  3.464422e+04  0.000000e+00  1.611309e+08
  3.474422e+04  0.000000e+00  1.616542e+08
  3.484422e+04  0.000000e+00  1.621791e+08
  3.494422e+04  0.000000e+00  1.627055e+08
  3.504422e+04  0.000000e+00  1.632336e+08
  3.514422e+04  0.000000e+00  1.637632e+08
  3.524422e+04  0.000000e+00  1.642945e+08
  3.534422e+04  0.000000e+00  1.648273e+08
  3.544422e+04  0.000000e+00  1.653618e+08
  3.554422e+04  0.000000e+00  1.658979e+08
  3.564422e+04  0.000000e+00  1.664357e+08
  3.574422e+04  0.000000e+00  1.669751e+08
  3.584422e+04  0.000000e+00  1.675161e+08
  3.594422e+04  0.000000e+00  1.680588e+08
  3.604422e+04  0.000000e+00  1.686031e+08
  3.614422e+04  0.000000e+00  1.691490e+08
  3.624422e+04  0.000000e+00  1.696967e+08
  3.634422e+04  0.000000e+00  1.702459e+08
  3.644422e+04  0.000000e+00  1.707969e+08
  3.654422e+04  0.000000e+00  1.713495e+08
  3.664422e+04  0.000000e+00  1.719038e+08
  3.674422e+04  0.000000e+00  1.724598e+08
  3.684422e+04  0.000000e+00  1.730175e+08
  3.694422e+04  0.000000e+00  1.735769e+08
  3.704422e+04  0.000000e+00  1.741380e+08
  3.714422e+04  0.000000e+00  1.747007e+08
  3.724422e+04  0.000000e+00  1.752652e+08
  3.734422e+04  0.000000e+00  1.758314e+08
  3.744422e+04  0.000000e+00  1.763993e+08
  3.754422e+04  0.000000e+00  1.769690e+08
  3.764422e+04  0.000000e+00  1.775404e+08
  3.774422e+04  0.000000e+00  1.781135e+08
  3.784422e+04  0.000000e+00  1.786883e+08
  3.794422e+04  0.000000e+00  1.792649e+08
  3.804422e+04  0.000000e+00  1.798433e+08
  3.814422e+04  0.000000e+00  1.804234e+08
  3.824422e+04  0.000000e+00  1.810053e+08
  3.834422e+04  0.000000e+00  1.815889e+08
  3.844422e+04  0.000000e+00  1.821743e+08
  3.854422e+04  0.000000e+00  1.827615e+08
  3.864422e+04  0.000000e+00  1.833504e+08
  3.874422e+04  0.000000e+00  1.839412e+08
  3.884422e+04  0.000000e+00  1.845337e+08
  3.894422e+04  0.000000e+00  1.851281e+08
  3.904422e+04  0.000000e+00  1.857242e+08
  3.914422e+04  0.000000e+00  1.863222e+08
  3.924422e+04  0.000000e+00  1.869220e+08
  3.934422e+04  0.000000e+00  1.875236e+08
  3.944422e+04  0.000000e+00  1.881270e+08
  3.954422e+04  0.000000e+00  1.887322e+08
  3.964422e+04  0.000000e+00  1.893393e+08
  3.974422e+04  0.000000e+00  1.899482e+08
  3.984422e+04  0.000000e+00  1.905590e+08
  3.994422e+04  0.000000e+00  1.911717e+08
  4.004422e+04  0.000000e+00  1.917861e+08
  4.014422e+04  0.000000e+00  1.924025e+08
  4.024422e+04  0.000000e+00  1.930207e+08
  4.034422e+04  0.000000e+00  1.936408e+08
  4.044422e+04  0.000000e+00  1.942628e+08
  4.054422e+04  0.000000e+00  1.948867e+08
  4.064422e+04  0.000000e+00  1.955124e+08
  4.074422e+04  0.000000e+00  1.961401e+08
  4.084422e+04  0.000000e+00  1.967696e+08
  4.094422e+04  0.000000e+00  1.974011e+08
  4.104422e+04  0.000000e+00  1.980345e+08
  4.114422e+04  0.000000e+00  1.986698e+08
  4.124422e+04  0.000000e+00  1.993070e+08
  4.134422e+04  0.000000e+00  1.999462e+08
  4.144422e+04  0.000000e+00  2.005873e+08
  4.154422e+04  0.000000e+00  2.012303e+08
  4.164422e+04  0.000000e+00  2.018753e+08
  4.174422e+04  0.000000e+00  2.025223e+08
  4.184422e+04  0.000000e+00  2.031712e+08
  4.194422e+04  0.000000e+00  2.038221e+08
  4.204422e+04  0.000000e+00  2.044749e+08
  4.214422e+04  0.000000e+00  2.051297e+08
  4.224422e+04  0.000000e+00  2.057865e+08
  4.234422e+04  0.000000e+00  2.064453e+08
  4.244422e+04  0.000000e+00  2.071061e+08
  4.254422e+04  0.000000e+00  2.077689e+08
  4.264422e+04  0.000000e+00  2.084337e+08
  4.274422e+04  0.000000e+00  2.091006e+08
  4.284422e+04  0.000000e+00  2.097694e+08
  4.294422e+04  0.000000e+00  2.104403e+08
  4.304422e+04  0.000000e+00  2.111132e+08
  4.314422e+04  0.000000e+00  2.117881e+08
  4.324422e+04  0.000000e+00  2.124651e+08
  4.334422e+04  0.000000e+00  2.131441e+08
  4.344422e+04  0.000000e+00  2.138252e+08
  4.354422e+04  0.000000e+00  2.145084e+08
  4.364422e+04  0.000000e+00  2.151936e+08
  4.374422e+04  0.000000e+00  2.158809e+08
  4.384422e+04  0.000000e+00  2.165702e+08
  4.394422e+04  0.000000e+00  2.172617e+08
  4.404422e+04  0.000000e+00  2.179552e+08
  4.414422e+04  0.000000e+00  2.186509e+08
  4.424422e+04  0.000000e+00  2.193486e+08
  4.434422e+04  0.000000e+00  2.200485e+08
  4.444422e+04  0.000000e+00  2.207505e+08
  4.454422e+04  0.000000e+00  2.214546e+08
  4.464422e+04  0.000000e+00  2.221608e+08
  4.474422e+04  0.000000e+00  2.228692e+08
  4.484422e+04  0.000000e+00  2.235797e+08
  4.494422e+04  0.000000e+00  2.242924e+08
  4.504422e+04  0.000000e+00  2.250072e+08
  4.514422e+04  0.000000e+00  2.257242e+08
  4.524422e+04  0.000000e+00  2.264433e+08
  4.534422e+04  0.000000e+00  2.271646e+08
  4.544422e+04  0.000000e+00  2.278881e+08
  4.554422e+04  0.000000e+00  2.286138e+08
  4.564422e+04  0.000000e+00  2.293417e+08
  4.574422e+04  0.000000e+00  2.300718e+08
  4.584422e+04  0.000000e+00  2.308040e+08
  4.594422e+04  0.000000e+00  2.315385e+08
  4.604422e+04  0.000000e+00  2.322753e+08
  4.614422e+04  0.000000e+00  2.330142e+08
  4.624422e+04  0.000000e+00  2.337554e+08
  4.634422e+04  0.000000e+00  2.344988e+08
  4.644422e+04  0.000000e+00  2.352445e+08
  4.654422e+04  0.000000e+00  2.359924e+08
  4.664422e+04  0.000000e+00  2.367425e+08
  4.674422e+04  0.000000e+00  2.374950e+08
  4.684422e+04  0.000000e+00  2.382497e+08
  4.694422e+04  0.000000e+00  2.390067e+08
  4.704422e+04  0.000000e+00  2.397659e+08
  4.714422e+04  0.000000e+00  2.405275e+08
  4.724422e+04  0.000000e+00  2.412913e+08
  4.734422e+04  0.000000e+00  2.420575e+08
  4.744422e+04  0.000000e+00  2.428260e+08
  4.754422e+04  0.000000e+00  2.435968e+08
  4.764422e+04  0.000000e+00  2.443699e+08
  4.774422e+04  0.000000e+00  2.451453e+08
  4.784422e+04  0.000000e+00  2.459231e+08
  4.794422e+04  0.000000e+00  2.467033e+08
  4.804422e+04  0.000000e+00  2.474858e+08
  4.814422e+04  0.000000e+00  2.482706e+08
  4.824422e+04  0.000000e+00  2.490578e+08
  4.834422e+04  0.000000e+00  2.498474e+08
  4.844422e+04  0.000000e+00  2.506394e+08
  4.854422e+04  0.000000e+00  2.514337e+08
  4.864422e+04  0.000000e+00  2.522305e+08
  4.874422e+04  0.000000e+00  2.530296e+08
  4.884422e+04  0.000000e+00  2.538312e+08
  4.894422e+04  0.000000e+00  2.546351e+08
  4.904422e+04  0.000000e+00  2.554415e+08
  4.914422e+04  0.000000e+00  2.562503e+08
  4.924422e+04  0.000000e+00  2.570616e+08
  4.934422e+04  0.000000e+00  2.578753e+08
  4.944422e+04  0.000000e+00  2.586914e+08
  4.954422e+04  0.000000e+00  2.595100e+08
  4.964422e+04  0.000000e+00  2.603311e+08
  4.974422e+04  0.000000e+00  2.611547e+08
  4.984422e+04  0.000000e+00  2.619807e+08
  4.994422e+04  0.000000e+00  2.628092e+08
  5.004422e+04  0.000000e+00  2.636402e+08
  5.014422e+04  0.000000e+00  2.644737e+08
  5.024422e+04  0.000000e+00  2.653097e+08
  5.034422e+04  0.000000e+00  2.661482e+08
  5.044422e+04  0.000000e+00  2.669892e+08
  5.054422e+04  0.000000e+00  2.678328e+08
  5.064422e+04  0.000000e+00  2.686789e+08
  5.074422e+04  0.000000e+00  2.695275e+08
  5.084422e+04  0.000000e+00  2.703787e+08
  5.094422e+04  0.000000e+00  2.712325e+08
  5.104422e+04  0.000000e+00  2.720888e+08
  5.114422e+04  0.000000e+00  2.729477e+08
  5.124422e+04  0.000000e+00  2.738092e+08
  5.134422e+04  0.000000e+00  2.746733e+08
  5.144422e+04  0.000000e+00  2.755399e+08
  5.154422e+04  0.000000e+00  2.764092e+08
  5.164422e+04  0.000000e+00  2.772810e+08
  5.174422e+04  0.000000e+00  2.781555e+08
  5.184422e+04  0.000000e+00  2.790327e+08
  5.194422e+04  0.000000e+00  2.799124e+08
  5.204422e+04  0.000000e+00  2.807948e+08
  5.214422e+04  0.000000e+00  2.816798e+08
  5.224422e+04  0.000000e+00  2.825675e+08
  5.234422e+04  0.000000e+00  2.834579e+08
  5.244422e+04  0.000000e+00  2.843509e+08
  5.254422e+04  0.000000e+00  2.852466e+08
  5.264422e+04  0.000000e+00  2.861450e+08
  5.274422e+04  0.000000e+00  2.870461e+08
  5.284422e+04  0.000000e+00  2.879499e+08
  5.294422e+04  0.000000e+00  2.888563e+08
  5.304422e+04  0.000000e+00  2.897656e+08
  5.314422e+04  0.000000e+00  2.906775e+08
  5.324422e+04  0.000000e+00  2.915922e+08
  5.334422e+04  0.000000e+00  2.925096e+08
  5.344422e+04  0.000000e+00  2.934297e+08
  5.354422e+04  0.000000e+00  2.943526e+08
  5.364422e+04  0.000000e+00  2.952783e+08
  5.374422e+04  0.000000e+00  2.962068e+08
  5.384422e+04  0.000000e+00  2.971380e+08
  5.394422e+04  0.000000e+00  2.980720e+08
  5.404422e+04  0.000000e+00  2.990088e+08
  5.414422e+04  0.000000e+00  2.999485e+08
  5.424422e+04  0.000000e+00  3.008909e+08
  5.434422e+04  0.000000e+00  3.018361e+08
  5.444422e+04  0.000000e+00  3.027842e+08
  5.454422e+04  0.000000e+00  3.037351e+08
  5.464422e+04  0.000000e+00  3.046889e+08
  5.474422e+04  0.000000e+00  3.056455e+08
  5.484422e+04  0.000000e+00  3.066049e+08
  5.494422e+04  0.000000e+00  3.075673e+08
  5.504422e+04  0.000000e+00  3.085325e+08
  5.514422e+04  0.000000e+00  3.095006e+08
  5.524422e+04  0.000000e+00  3.104716e+08
  5.534422e+04  0.000000e+00  3.114455e+08
  5.544422e+04  0.000000e+00  3.124223e+08
  5.554422e+04  0.000000e+00  3.134020e+08
  5.564422e+04  0.000000e+00  3.143846e+08
  5.574422e+04  0.000000e+00  3.153702e+08
  5.584422e+04  0.000000e+00  3.163587e+08
  5.594422e+04  0.000000e+00  3.173502e+08
  5.604422e+04  0.000000e+00  3.183446e+08
  5.614422e+04  0.000000e+00  3.193420e+08
  5.624422e+04  0.000000e+00  3.203424e+08
  5.634422e+04  0.000000e+00  3.213457e+08
  5.644422e+04  0.000000e+00  3.223521e+08
  5.654422e+04  0.000000e+00  3.233614e+08
  5.664422e+04  0.000000e+00  3.243738e+08
  5.674422e+04  0.000000e+00  3.253891e+08
  5.684422e+04  0.000000e+00  3.264075e+08
  5.694422e+04  0.000000e+00  3.274290e+08
  5.704422e+04  0.000000e+00  3.284535e+08
  5.714422e+04  0.000000e+00  3.294810e+08
  5.724422e+04  0.000000e+00  3.305116e+08
  5.734422e+04  0.000000e+00  3.315452e+08
  5.744422e+04  0.000000e+00  3.325820e+08
  5.754422e+04  0.000000e+00  3.336218e+08
  5.764422e+04  0.000000e+00  3.346647e+08
  5.774422e+04  0.000000e+00  3.357108e+08
  5.784422e+04  0.000000e+00  3.367599e+08
  5.794422e+04  0.000000e+00  3.378122e+08
  5.804422e+04  0.000000e+00  3.388676e+08
  5.814422e+04  0.000000e+00  3.399261e+08
  5.824422e+04  0.000000e+00  3.409878e+08
  5.834422e+04  0.000000e+00  3.420526e+08
  5.844422e+04  0.000000e+00  3.431206e+08
  5.854422e+04  0.000000e+00  3.441918e+08
  5.864422e+04  0.000000e+00  3.452661e+08
  5.874422e+04  0.000000e+00  3.463437e+08
  5.884422e+04  0.000000e+00  3.474244e+08
  5.894422e+04  0.000000e+00  3.485084e+08
  5.904422e+04  0.000000e+00  3.495956e+08
  5.914422e+04  0.000000e+00  3.506860e+08
  5.924422e+04  0.000000e+00  3.517796e+08
  5.934422e+04  0.000000e+00  3.528765e+08
  5.944422e+04  0.000000e+00  3.539767e+08
  5.954422e+04  0.000000e+00  3.550801e+08
  5.964422e+04  0.000000e+00  3.561868e+08
  5.974422e+04  0.000000e+00  3.572967e+08
  5.984422e+04  0.000000e+00  3.584100e+08
  5.994422e+04  0.000000e+00  3.595266e+08
  6.004422e+04  0.000000e+00  3.606464e+08
  6.014422e+04  0.000000e+00  3.617696e+08
  6.024422e+04  0.000000e+00  3.628962e+08
  6.034422e+04  0.000000e+00  3.640260e+08
  6.044422e+04  0.000000e+00  3.651592e+08
  6.054422e+04  0.000000e+00  3.662958e+08
  6.064422e+04  0.000000e+00  3.674357e+08
  6.074422e+04  0.000000e+00  3.685790e+08
  6.084422e+04  0.000000e+00  3.697257e+08
  6.094422e+04  0.000000e+00  3.708758e+08
  6.104422e+04  0.000000e+00  3.720293e+08
  6.114422e+04  0.000000e+00  3.731862e+08
  6.124422e+04  0.000000e+00  3.743465e+08
  6.134422e+04  0.000000e+00  3.755103e+08
  6.144422e+04  0.000000e+00  3.766775e+08
  6.154422e+04  0.000000e+00  3.778481e+08
  6.164422e+04  0.000000e+00  3.790222e+08
  6.174422e+04  0.000000e+00  3.801998e+08
  6.184422e+04  0.000000e+00  3.813809e+08
  6.194422e+04  0.000000e+00  3.825654e+08
  6.204422e+04  0.000000e+00  3.837535e+08
  6.214422e+04  0.000000e+00  3.849450e+08
  6.224422e+04  0.000000e+00  3.861401e+08
  6.234422e+04  0.000000e+00  3.873387e+08
  6.244422e+04  0.000000e+00  3.885409e+08
  6.254422e+04  0.000000e+00  3.897466e+08
  6.264422e+04  0.000000e+00  3.909558e+08
  6.274422e+04  0.000000e+00  3.921686e+08
  6.284422e+04  0.000000e+00  3.933850e+08
  6.294422e+04  0.000000e+00  3.946050e+08
  6.304422e+04  0.000000e+00  3.958286e+08
  6.314422e+04  0.000000e+00  3.970558e+08
  6.324422e+04  0.000000e+00  3.982866e+08
  6.334422e+04  0.000000e+00  3.995210e+08
  6.344422e+04  0.000000e+00  4.007591e+08
  6.354422e+04  0.000000e+00  4.020008e+08
  6.364422e+04  0.000000e+00  4.032462e+08
  6.374422e+04  0.000000e+00  4.044952e+08
  6.384422e+04  0.000000e+00  4.057479e+08
  6.394422e+04  0.000000e+00  4.070043e+08
  6.404422e+04  0.000000e+00  4.082644e+08
  6.414422e+04  0.000000e+00  4.095282e+08
  6.424422e+04  0.000000e+00  4.107958e+08
  6.434422e+04  0.000000e+00  4.120670e+08
  6.444422e+04  0.000000e+00  4.133420e+08
  6.454422e+04  0.000000e+00  4.146207e+08
  6.464422e+04  0.000000e+00  4.159032e+08
  6.474422e+04  0.000000e+00  4.171895e+08
  6.484422e+04  0.000000e+00  4.184795e+08
  6.494422e+04  0.000000e+00  4.197734e+08
  6.504422e+04  0.000000e+00  4.210710e+08
  6.514422e+04  0.000000e+00  4.223725e+08
  6.524422e+04  0.000000e+00  4.236777e+08
  6.534422e+04  0.000000e+00  4.249868e+08
  6.544422e+04  0.000000e+00  4.262998e+08
  6.554422e+04  0.000000e+00  4.276166e+08
  6.564422e+04  0.000000e+00  4.289372e+08
  6.574422e+04  0.000000e+00  4.302617e+08
  6.584422e+04  0.000000e+00  4.315902e+08
  6.594422e+04  0.000000e+00  4.329225e+08
  6.604422e+04  0.000000e+00  4.342587e+08
  6.614422e+04  0.000000e+00  4.355988e+08
  6.624422e+04  0.000000e+00  4.369429e+08
  6.634422e+04  0.000000e+00  4.382908e+08
  6.644422e+04  0.000000e+00  4.396428e+08
  6.654422e+04  0.000000e+00  4.409987e+08
  6.664422e+04  0.000000e+00  4.423585e+08
  6.674422e+04  0.000000e+00  4.437224e+08
  6.684422e+04  0.000000e+00  4.450902e+08
  6.694422e+04  0.000000e+00  4.464621e+08
  6.704422e+04  0.000000e+00  4.478379e+08
  6.714422e+04  0.000000e+00  4.492178e+08
  6.724422e+04  0.000000e+00  4.506017e+08
  6.734422e+04  0.000000e+00  4.519897e+08
  6.744422e+04  0.000000e+00  4.533817e+08
  6.754422e+04  0.000000e+00  4.547777e+08
  6.764422e+04  0.000000e+00  4.561779e+08
  6.774422e+04  0.000000e+00  4.575821e+08
  6.784422e+04  0.000000e+00  4.589905e+08
  6.794422e+04  0.000000e+00  4.604029e+08
  6.804422e+04  0.000000e+00  4.618195e+08
  6.814422e+04  0.000000e+00  4.632402e+08
  6.824422e+04  0.000000e+00  4.646651e+08
  6.834422e+04  0.000000e+00  4.660941e+08
  6.844422e+04  0.000000e+00  4.675273e+08
  6.854422e+04  0.000000e+00  4.689646e+08
  6.864422e+04  0.000000e+00  4.704062e+08
  6.874422e+04  0.000000e+00  4.718519e+08
  6.884422e+04  0.000000e+00  4.733019e+08
  6.894422e+04  0.000000e+00  4.747561e+08
  6.904422e+04  0.000000e+00  4.762145e+08
  6.914422e+04  0.000000e+00  4.776772e+08
