-1.143557799999999988e+05 -1.391165627066357098e-04
-1.142557799999999988e+05 -1.409585070073474024e-04
-1.141557799999999988e+05 -1.427793445824197772e-04
-1.140557799999999988e+05 -1.445791749514209576e-04
-1.139557799999999988e+05 -1.463580974031118047e-04
-1.138557799999999988e+05 -1.481162109957626127e-04
-1.137557799999999988e+05 -1.498536145574740595e-04
-1.136557799999999988e+05 -1.515704066865100575e-04
-1.135557799999999988e+05 -1.532666857516187581e-04
-1.134557799999999988e+05 -1.549425498923555355e-04
-1.133557799999999988e+05 -1.565980970194020953e-04
-1.132557799999999988e+05 -1.582334248149075363e-04
-1.131557799999999988e+05 -1.598486307328010083e-04
-1.130557799999999988e+05 -1.614438119991178935e-04
-1.129557799999999988e+05 -1.630190656123199178e-04
-1.128557799999999988e+05 -1.645744883436309008e-04
-1.127557799999999988e+05 -1.661101767373568665e-04
-1.126557799999999988e+05 -1.676262271112048262e-04
-1.125557799999999988e+05 -1.691227355566124024e-04
-1.124557799999999988e+05 -1.705997979390750686e-04
-1.123557799999999988e+05 -1.720575098984631159e-04
-1.122557799999999988e+05 -1.734959668493585142e-04
-1.121557799999999988e+05 -1.749152639813642354e-04
-1.120557799999999988e+05 -1.763154962594423074e-04
-1.119557799999999988e+05 -1.776967584242241673e-04
-1.118557799999999988e+05 -1.790591449923605331e-04
-1.117557799999999988e+05 -1.804027502568113196e-04
-1.116557799999999988e+05 -1.817276682872020696e-04
-1.115557799999999988e+05 -1.830339929301234381e-04
-1.114557799999999988e+05 -1.843218178094756970e-04
-1.113557799999999988e+05 -1.855912363267781667e-04
-1.112557799999999988e+05 -1.868423416615146160e-04
-1.111557799999999988e+05 -1.880752267714264840e-04
-1.110557799999999988e+05 -1.892899843928650024e-04
-1.109557799999999988e+05 -1.904867070411035538e-04
-1.108557799999999988e+05 -1.916654870106672425e-04
-1.107557799999999988e+05 -1.928264163756528149e-04
-1.106557799999999988e+05 -1.939695869900560888e-04
-1.105557799999999988e+05 -1.950950904880876190e-04
-1.104557799999999988e+05 -1.962030182845268518e-04
-1.103557799999999988e+05 -1.972934615750003041e-04
-1.102557799999999988e+05 -1.983665113363571584e-04
-1.101557799999999988e+05 -1.994222583269399335e-04
-1.100557799999999988e+05 -2.004607930869601337e-04
-1.099557799999999988e+05 -2.014822059387923929e-04
-1.098557799999999988e+05 -2.024865869873083816e-04
-1.097557799999999988e+05 -2.034740261201935024e-04
-1.096557799999999988e+05 -2.044446130082881968e-04
-1.095557799999999988e+05 -2.053984371058962112e-04
-1.094557799999999988e+05 -2.063355876511171485e-04
-1.093557799999999988e+05 -2.072561536661720271e-04
-1.092557799999999988e+05 -2.081602239577165069e-04
-1.091557799999999988e+05 -2.090478871171845814e-04
-1.090557799999999988e+05 -2.099192315211019662e-04
-1.089557799999999988e+05 -2.107743453314039059e-04
-1.088557799999999988e+05 -2.116133164957765352e-04
-1.087557799999999988e+05 -2.124362327479681800e-04
-1.086557799999999988e+05 -2.132431816081158658e-04
-1.085557799999999988e+05 -2.140342503830810128e-04
-1.084557799999999988e+05 -2.148095261667600333e-04
-1.083557799999999988e+05 -2.155690958404137122e-04
-1.082557799999999988e+05 -2.163130460729989458e-04
-1.081557799999999988e+05 -2.170414633214800973e-04
-1.080557799999999988e+05 -2.177544338311650728e-04
-1.079557799999999988e+05 -2.184520436360207966e-04
-1.078557799999999988e+05 -2.191343785590135968e-04
-1.077557799999999988e+05 -2.198015242124152211e-04
-1.076557799999999988e+05 -2.204535659981291006e-04
-1.075557799999999988e+05 -2.210905891080317378e-04
-1.074557799999999988e+05 -2.217126785242830593e-04
-1.073557799999999988e+05 -2.223199190196601066e-04
-1.072557799999999988e+05 -2.229123951578642715e-04
-1.071557799999999988e+05 -2.234901912938678885e-04
-1.070557799999999988e+05 -2.240533915742277320e-04
-1.069557799999999988e+05 -2.246020799374071595e-04
-1.068557799999999988e+05 -2.251363401141088540e-04
-1.067557799999999988e+05 -2.256562556275925756e-04
-1.066557799999999988e+05 -2.261619097940025642e-04
-1.065557799999999988e+05 -2.266533857226950765e-04
-1.064557799999999988e+05 -2.271307663165560034e-04
-1.063557799999999988e+05 -2.275941342723273773e-04
-1.062557799999999988e+05 -2.280435720809432306e-04
-1.061557799999999988e+05 -2.284791620278388920e-04
-1.060557799999999988e+05 -2.289009861932805292e-04
-1.059557799999999988e+05 -2.293091264526979454e-04
-1.058557799999999988e+05 -2.297036644769947416e-04
-1.057557799999999988e+05 -2.300846817328823870e-04
-1.056557799999999988e+05 -2.304522594832106297e-04
-1.055557799999999988e+05 -2.308064787872747049e-04
-1.054557799999999988e+05 -2.311474205011555848e-04
-1.053557799999999988e+05 -2.314751652780376503e-04
-1.052557799999999988e+05 -2.317897935685341948e-04
-1.051557799999999988e+05 -2.320913856210114117e-04
-1.050557799999999988e+05 -2.323800214819202138e-04
-1.049557799999999988e+05 -2.326557809961053941e-04
-1.048557799999999988e+05 -2.329187438071491820e-04
-1.047557799999999988e+05 -2.331689893576792654e-04
-1.046557799999999988e+05 -2.334065968897060586e-04
-1.045557799999999988e+05 -2.336316454449359015e-04
-1.044557799999999988e+05 -2.338442138651105500e-04
-1.043557799999999988e+05 -2.340443807923119459e-04
-1.042557799999999988e+05 -2.342322246693067755e-04
-1.041557799999999988e+05 -2.344078237398568504e-04
-1.040557799999999988e+05 -2.345712560490549928e-04
-1.039557799999999988e+05 -2.347225994436343314e-04
-1.038557799999999988e+05 -2.348619315723138095e-04
-1.037557799999999988e+05 -2.349893298861043640e-04
-1.036557799999999988e+05 -2.351048716386436722e-04
-1.035557799999999988e+05 -2.352086338865129835e-04
-1.034557799999999988e+05 -2.353006934895719205e-04
-1.033557799999999988e+05 -2.353811271112753645e-04
-1.032557799999999988e+05 -2.354500112190060070e-04
-1.031557799999999988e+05 -2.355074220843826973e-04
-1.030557799999999988e+05 -2.355534357836059506e-04
-1.029557799999999988e+05 -2.355881281977650205e-04
-1.028557799999999988e+05 -2.356115750131782579e-04
-1.027557799999999988e+05 -2.356238517216990456e-04
-1.026557799999999988e+05 -2.356250336210635287e-04
-1.025557799999999988e+05 -2.356151958151924569e-04
-1.024557799999999988e+05 -2.355944132145302411e-04
-1.023557799999999988e+05 -2.355627605363660678e-04
-1.022557799999999988e+05 -2.355203123051558792e-04
-1.021557799999999988e+05 -2.354671428528477156e-04
-1.020557799999999988e+05 -2.354033263192176824e-04
-1.019557799999999988e+05 -2.353289366521705455e-04
-1.018557799999999988e+05 -2.352440476080897382e-04
-1.017557799999999988e+05 -2.351487327521411283e-04
-1.016557799999999988e+05 -2.350430654586133485e-04
-1.015557799999999988e+05 -2.349271189112377178e-04
-1.014557799999999988e+05 -2.348009661035102493e-04
-1.013557799999999988e+05 -2.346646798390148510e-04
-1.012557799999999988e+05 -2.345183327317507821e-04
-1.011557799999999988e+05 -2.343619972064599189e-04
-1.010557799999999988e+05 -2.341957454989490074e-04
-1.009557799999999988e+05 -2.340196496564093942e-04
-1.008557799999999988e+05 -2.338337815377532377e-04
-1.007557799999999988e+05 -2.336382128139246738e-04
-1.006557799999999988e+05 -2.334330149682369493e-04
-1.005557799999999988e+05 -2.332182592966880864e-04
-1.004557799999999988e+05 -2.329940169082871744e-04
-1.003557799999999988e+05 -2.327603587253775693e-04
-1.002557799999999988e+05 -2.325173554839739189e-04
-1.001557799999999988e+05 -2.322650777340734638e-04
-1.000557799999999988e+05 -2.320035958399793198e-04
-9.995577999999999884e+04 -2.317329799806341678e-04
-9.985577999999999884e+04 -2.314533001499424248e-04
-9.975577999999999884e+04 -2.311646261570933091e-04
-9.965577999999999884e+04 -2.308670276268819262e-04
-9.955577999999999884e+04 -2.305605740000419299e-04
-9.945577999999999884e+04 -2.302453345335601844e-04
-9.935577999999999884e+04 -2.299213783010180441e-04
-9.925577999999999884e+04 -2.295887741928920572e-04
-9.915577999999999884e+04 -2.292475909169006121e-04
-9.905577999999999884e+04 -2.288978969983142633e-04
-9.895577999999999884e+04 -2.285397607802916984e-04
-9.885577999999999884e+04 -2.281732504241921783e-04
-9.875577999999999884e+04 -2.277984339099103927e-04
-9.865577999999999884e+04 -2.274153790361996882e-04
-9.855577999999999884e+04 -2.270241534209812553e-04
-9.845577999999999884e+04 -2.266248245016993948e-04
-9.835577999999999884e+04 -2.262174595356156615e-04
-9.825577999999999884e+04 -2.258021256001524479e-04
-9.815577999999999884e+04 -2.253788895932096800e-04
-9.805577999999999884e+04 -2.249478182334879088e-04
-9.795577999999999884e+04 -2.245089780608232756e-04
-9.785577999999999884e+04 -2.240624354365030951e-04
-9.775577999999999884e+04 -2.236082565435890568e-04
-9.765577999999999884e+04 -2.231465073872445997e-04
-9.755577999999999884e+04 -2.226772537950666778e-04
-9.745577999999999884e+04 -2.222005614174023475e-04
-9.735577999999999884e+04 -2.217164957276699083e-04
-9.725577999999999884e+04 -2.212251220226947612e-04
-9.715577999999999884e+04 -2.207265054230241259e-04
-9.705577999999999884e+04 -2.202207108732596465e-04
-9.695577999999999884e+04 -2.197078031423742501e-04
-9.685577999999999884e+04 -2.191878468240437495e-04
-9.675577999999999884e+04 -2.186609063369699898e-04
-9.665577999999999884e+04 -2.181270459251912559e-04
-9.655577999999999884e+04 -2.175863296584362911e-04
-9.645577999999999884e+04 -2.170388214324229408e-04
-9.635577999999999884e+04 -2.164845849692004351e-04
-9.625577999999999884e+04 -2.159236838174480322e-04
-9.615577999999999884e+04 -2.153561813528345129e-04
-9.605577999999999884e+04 -2.147821407783230313e-04
-9.595577999999999884e+04 -2.142016251244879452e-04
-9.585577999999999884e+04 -2.136146972498614903e-04
-9.575577999999999884e+04 -2.130214198412397147e-04
-9.565577999999999884e+04 -2.124218554140174160e-04
-9.555577999999999884e+04 -2.118160663125113693e-04
-9.545577999999999884e+04 -2.112041147102769142e-04
-9.535577999999999884e+04 -2.105860626104440029e-04
-9.525577999999999884e+04 -2.099619718460360917e-04
-9.515577999999999884e+04 -2.093319040802910373e-04
-9.505577999999999884e+04 -2.086959208069982298e-04
-9.495577999999999884e+04 -2.080540833508110323e-04
-9.485577999999999884e+04 -2.074064528675666208e-04
-9.475577999999999884e+04 -2.067530903446359919e-04
-9.465577999999999884e+04 -2.060940566012234732e-04
-9.455577999999999884e+04 -2.054294122886962941e-04
-9.445577999999999884e+04 -2.047592178909195227e-04
-9.435577999999999884e+04 -2.040835337245728155e-04
-9.425577999999999884e+04 -2.034024199394755697e-04
-9.415577999999999884e+04 -2.027159365189112623e-04
-9.405577999999999884e+04 -2.020241432799527105e-04
-9.395577999999999884e+04 -2.013270998737936484e-04
-9.385577999999999884e+04 -2.006248657860581304e-04
-9.375577999999999884e+04 -1.999175003371374206e-04
-9.365577999999999884e+04 -1.992050626825164999e-04
-9.355577999999999884e+04 -1.984876118130863166e-04
-9.345577999999999884e+04 -1.977652065554756872e-04
-9.335577999999999884e+04 -1.970379055723806775e-04
-9.325577999999999884e+04 -1.963057673628824907e-04
-9.315577999999999884e+04 -1.955688502627738118e-04
-9.305577999999999884e+04 -1.948272124448861560e-04
-9.295577999999999884e+04 -1.940809119194045575e-04
-9.285577999999999884e+04 -1.933300065342023993e-04
-9.275577999999999884e+04 -1.925745539751709285e-04
-9.265577999999999884e+04 -1.918146117665296907e-04
-9.255577999999999884e+04 -1.910502372711591636e-04
-9.245577999999999884e+04 -1.902814876909218701e-04
-9.235577999999999884e+04 -1.895084200669928975e-04
-9.225577999999999884e+04 -1.887310912801767285e-04
-9.215577999999999884e+04 -1.879495580512441301e-04
-9.205577999999999884e+04 -1.871638769412362177e-04
-9.195577999999999884e+04 -1.863741043518121049e-04
-9.185577999999999884e+04 -1.855802965255580635e-04
-9.175577999999999884e+04 -1.847825095463194250e-04
-9.165577999999999884e+04 -1.839807993395213689e-04
-9.155577999999999884e+04 -1.831752216724953490e-04
-9.145577999999999884e+04 -1.823658321548044350e-04
-9.135577999999999884e+04 -1.815526862385642096e-04
-9.125577999999999884e+04 -1.807358392187755644e-04
-9.115577999999999884e+04 -1.799153462336415305e-04
-9.105577999999999884e+04 -1.790912622648901812e-04
-9.095577999999999884e+04 -1.782636421381087561e-04
-9.085577999999999884e+04 -1.774325405230590285e-04
-9.075577999999999884e+04 -1.765980119340156303e-04
-9.065577999999999884e+04 -1.757601107300655902e-04
-9.055577999999999884e+04 -1.749188911154624343e-04
-9.045577999999999884e+04 -1.740744071399280275e-04
-9.035577999999999884e+04 -1.732267126989916854e-04
-9.025577999999999884e+04 -1.723758615343047823e-04
-9.015577999999999884e+04 -1.715219072339713787e-04
-9.005577999999999884e+04 -1.706649032328745933e-04
-8.995577999999999884e+04 -1.698049028129932714e-04
-8.985577999999999884e+04 -1.689419591037315553e-04
-8.975577999999999884e+04 -1.680761250822473973e-04
-8.965577999999999884e+04 -1.672074535737681983e-04
-8.955577999999999884e+04 -1.663359972519235766e-04
-8.945577999999999884e+04 -1.654618086390685140e-04
-8.935577999999999884e+04 -1.645849401065999974e-04
-8.925577999999999884e+04 -1.637054438752942056e-04
-8.915577999999999884e+04 -1.628233720156199249e-04
-8.905577999999999884e+04 -1.619387764480712910e-04
-8.895577999999999884e+04 -1.610517089434878181e-04
-8.885577999999999884e+04 -1.601622211233849451e-04
-8.875577999999999884e+04 -1.592703644602675871e-04
-8.865577999999999884e+04 -1.583761902779639067e-04
-8.855577999999999884e+04 -1.574797497519495992e-04
-8.845577999999999884e+04 -1.565810939096688975e-04
-8.835577999999999884e+04 -1.556802736308618928e-04
-8.825577999999999884e+04 -1.547773396478856753e-04
-8.815577999999999884e+04 -1.538723425460426309e-04
-8.805577999999999884e+04 -1.529653327639059180e-04
-8.795577999999999884e+04 -1.520563605936382236e-04
-8.785577999999999884e+04 -1.511454761813213065e-04
-8.775577999999999884e+04 -1.502327295272856212e-04
-8.765577999999999884e+04 -1.493181704864162535e-04
-8.755577999999999884e+04 -1.484018487685029005e-04
-8.745577999999999884e+04 -1.474838139385468896e-04
-8.735577999999999884e+04 -1.465641154170886347e-04
-8.725577999999999884e+04 -1.456428024805371253e-04
-8.715577999999999884e+04 -1.447199242614889258e-04
-8.705577999999999884e+04 -1.437955297490607816e-04
-8.695577999999999884e+04 -1.428696677892043359e-04
-8.685577999999999884e+04 -1.419423870850398473e-04
-8.675577999999999884e+04 -1.410137361971740505e-04
-8.665577999999999884e+04 -1.400837635440275856e-04
-8.655577999999999884e+04 -1.391525174021591472e-04
-8.645577999999999884e+04 -1.382200459065918837e-04
-8.635577999999999884e+04 -1.372863970511354324e-04
-8.625577999999999884e+04 -1.363516186887133753e-04
-8.615577999999999884e+04 -1.354157585316852479e-04
-8.605577999999999884e+04 -1.344788641521729375e-04
-8.595577999999999884e+04 -1.335409829823816616e-04
-8.585577999999999884e+04 -1.326021623149317339e-04
-8.575577999999999884e+04 -1.316624493031750968e-04
-8.565577999999999884e+04 -1.307218909615272230e-04
-8.555577999999999884e+04 -1.297805341657912647e-04
-8.545577999999999884e+04 -1.288384256534693556e-04
-8.535577999999999884e+04 -1.278956120241071695e-04
-8.525577999999999884e+04 -1.269521397396043011e-04
-8.515577999999999884e+04 -1.260080551245501242e-04
-8.505577999999999884e+04 -1.250634043665353105e-04
-8.495577999999999884e+04 -1.241182335164844354e-04
-8.485577999999999884e+04 -1.231725884889834342e-04
-8.475577999999999884e+04 -1.222265150625975445e-04
-8.465577999999999884e+04 -1.212800588801974343e-04
-8.455577999999999884e+04 -1.203332654492856685e-04
-8.445577999999999884e+04 -1.193861801423241518e-04
-8.435577999999999884e+04 -1.184388481970528840e-04
-8.425577999999999884e+04 -1.174913147168174841e-04
-8.415577999999999884e+04 -1.165436246708911845e-04
-8.405577999999999884e+04 -1.155958228948033716e-04
-8.395577999999999884e+04 -1.146479540906648192e-04
-8.385577999999999884e+04 -1.137000628274897917e-04
-8.375577999999999884e+04 -1.127521935415191359e-04
-8.365577999999999884e+04 -1.118043905365466938e-04
-8.355577999999999884e+04 -1.108566979842445229e-04
-8.345577999999999884e+04 -1.099091599244882378e-04
-8.335577999999999884e+04 -1.089618202656811324e-04
-8.325577999999999884e+04 -1.080147227850752396e-04
-8.315577999999999884e+04 -1.070679111291008878e-04
-8.305577999999999884e+04 -1.061214288136930325e-04
-8.295577999999999884e+04 -1.051753192246036687e-04
-8.285577999999999884e+04 -1.042296256177443174e-04
-8.275577999999999884e+04 -1.032843911194929762e-04
-8.265577999999999884e+04 -1.023396587270356027e-04
-8.255577999999999884e+04 -1.013954713086752071e-04
-8.245577999999999884e+04 -1.004518716041700549e-04
-8.235577999999999884e+04 -9.950890222504713760e-05
-8.225577999999999884e+04 -9.856660565493605228e-05
-8.215577999999999884e+04 -9.762502424988243107e-05
-8.205577999999999884e+04 -9.668420023868507375e-05
-8.195577999999999884e+04 -9.574417572321689874e-05
-8.185577999999999884e+04 -9.480499267874165211e-05
-8.175577999999999884e+04 -9.386669295424567342e-05
-8.165577999999999884e+04 -9.292931827276628700e-05
-8.155577999999999884e+04 -9.199291023170697956e-05
-8.145577999999999884e+04 -9.105751030316697051e-05
-8.135577999999999884e+04 -9.012315983426801762e-05
-8.125577999999999884e+04 -8.918990004747389072e-05
-8.115577999999999884e+04 -8.825777204091884434e-05
-8.105577999999999884e+04 -8.732681678873070990e-05
-8.095577999999999884e+04 -8.639707514135888048e-05
-8.085577999999999884e+04 -8.546858782589157545e-05
-8.075577999999999884e+04 -8.454139544638591226e-05
-8.065577999999999884e+04 -8.361553848419536262e-05
-8.055577999999999884e+04 -8.269105729828532308e-05
-8.045577999999999884e+04 -8.176799212556649368e-05
-8.035577999999999884e+04 -8.084638308121638449e-05
-8.025577999999999884e+04 -7.992627015899977873e-05
-8.015577999999999884e+04 -7.900769323160308712e-05
-8.005577999999999884e+04 -7.809069205094842773e-05
-7.995577999999999884e+04 -7.717530624852476841e-05
-7.985577999999999884e+04 -7.626157533570944696e-05
-7.975577999999999884e+04 -7.534953870409882566e-05
-7.965577999999999884e+04 -7.443923562582178835e-05
-7.955577999999999884e+04 -7.353070525387679179e-05
-7.945577999999999884e+04 -7.262398662244643334e-05
-7.935577999999999884e+04 -7.171911864722754987e-05
-7.925577999999999884e+04 -7.081614012575487924e-05
-7.915577999999999884e+04 -6.991508973772531804e-05
-7.905577999999999884e+04 -6.901600604532578433e-05
-7.895577999999999884e+04 -6.811892749354843586e-05
-7.885577999999999884e+04 -6.722389241052604094e-05
-7.875577999999999884e+04 -6.633093900785244146e-05
-7.865577999999999884e+04 -6.544010538090574004e-05
-7.855577999999999884e+04 -6.455142950917086369e-05
-7.845577999999999884e+04 -6.366494925657501598e-05
-7.835577999999999884e+04 -6.278070237180011703e-05
-7.825577999999999884e+04 -6.189872648861021896e-05
-7.815577999999999884e+04 -6.101905912618536565e-05
-7.805577999999999884e+04 -6.014173768943077334e-05
-7.795577999999999884e+04 -5.926679946931445112e-05
-7.785577999999999884e+04 -5.839428164318552955e-05
-7.775577999999999884e+04 -5.752422127510271963e-05
-7.765577999999999884e+04 -5.665665531615478946e-05
-7.755577999999999884e+04 -5.579162060478478811e-05
-7.745577999999999884e+04 -5.492915386712277369e-05
-7.735577999999999884e+04 -5.406929171729937822e-05
-7.725577999999999884e+04 -5.321207065778012810e-05
-7.715577999999999884e+04 -5.235752707968164491e-05
-7.705577999999999884e+04 -5.150569726310336388e-05
-7.695577999999999884e+04 -5.065661737744796977e-05
-7.685577999999999884e+04 -4.981032348174882599e-05
-7.675577999999999884e+04 -4.896685152499150826e-05
-7.665577999999999884e+04 -4.812623734644014950e-05
-7.655577999999999884e+04 -4.728851667596165016e-05
-7.645577999999999884e+04 -4.645372513435203657e-05
-7.635577999999999884e+04 -4.562189823365957360e-05
-7.625577999999999884e+04 -4.479307137751006591e-05
-7.615577999999999884e+04 -4.396727986142730748e-05
-7.605577999999999884e+04 -4.314455887316478647e-05
-7.595577999999999884e+04 -4.232494349302936702e-05
-7.585577999999999884e+04 -4.150846869419798471e-05
-7.575577999999999884e+04 -4.069516934304936496e-05
-7.565577999999999884e+04 -3.988508019949034758e-05
-7.555577999999999884e+04 -3.907823591727479129e-05
-7.545577999999999884e+04 -3.827467104433039289e-05
-7.535577999999999884e+04 -3.747442002308670587e-05
-7.525577999999999884e+04 -3.667751719079179521e-05
-7.515577999999999884e+04 -3.588399677984505353e-05
-7.505577999999999884e+04 -3.509389291812086261e-05
-7.495577999999999884e+04 -3.430723962928582409e-05
-7.485577999999999884e+04 -3.352407083313530944e-05
-7.475577999999999884e+04 -3.274442034590265406e-05
-7.465577999999999884e+04 -3.196832188059889882e-05
-7.455577999999999884e+04 -3.119580904733271101e-05
-7.445577999999999884e+04 -3.042691535362711705e-05
-7.435577999999999884e+04 -2.966167420475598806e-05
-7.425577999999999884e+04 -2.890011890405864479e-05
-7.415577999999999884e+04 -2.814228265327314819e-05
-7.405577999999999884e+04 -2.738819855285462112e-05
-7.395577999999999884e+04 -2.663789960230480861e-05
-7.385577999999999884e+04 -2.589141870048826838e-05
-7.375577999999999884e+04 -2.514878864596833811e-05
-7.365577999999999884e+04 -2.441004213732439322e-05
-7.355577999999999884e+04 -2.367521177347605386e-05
-7.345577999999999884e+04 -2.294433005401649240e-05
-7.335577999999999884e+04 -2.221742937952165121e-05
-7.325577999999999884e+04 -2.149454205189158684e-05
-7.315577999999999884e+04 -2.077570027466395686e-05
-7.305577999999999884e+04 -2.006093615334360382e-05
-7.295577999999999884e+04 -1.935028169572299792e-05
-7.285577999999999884e+04 -1.864376881221393518e-05
-7.275577999999999884e+04 -1.794142931616373476e-05
-7.265577999999999884e+04 -1.724329492418639505e-05
-7.255577999999999884e+04 -1.654939725648787118e-05
-7.245577999999999884e+04 -1.585976783717796954e-05
-7.235577999999999884e+04 -1.517443809461597278e-05
-7.225577999999999884e+04 -1.449343936171771978e-05
-7.215577999999999884e+04 -1.381680287628783223e-05
-7.205577999999999884e+04 -1.314455978134607480e-05
-7.195577999999999884e+04 -1.247674112544245815e-05
-7.185577999999999884e+04 -1.181337786299590132e-05
-7.175577999999999884e+04 -1.115450085460559088e-05
-7.165577999999999884e+04 -1.050014086738642805e-05
-7.155577999999999884e+04 -9.850328575284680521e-06
-7.145577999999999884e+04 -9.205094559409136848e-06
-7.135577999999999884e+04 -8.564469308352111554e-06
-7.125577999999999884e+04 -7.928483218517399370e-06
-7.115577999999999884e+04 -7.297166594441264289e-06
-7.105577999999999884e+04 -6.670549649117728179e-06
-7.095577999999999884e+04 -6.048662504324377763e-06
-7.085577999999999884e+04 -5.431535190948713713e-06
-7.075577999999999884e+04 -4.819197649310220526e-06
-7.065577999999999884e+04 -4.211679729485641577e-06
-7.055577999999999884e+04 -3.609011191631051537e-06
-7.045577999999999884e+04 -3.011221706312479595e-06
-7.035577999999999884e+04 -2.418340854825841840e-06
-7.025577999999999884e+04 -1.830398129523821236e-06
-7.015577999999999884e+04 -1.247422934137402387e-06
-7.005577999999999884e+04 -6.694445841054296052e-07
-6.995577999999999884e+04 -9.649230689292916247e-08
-6.985577999999999884e+04 4.714047576750517981e-07
-6.975577999999999884e+04 1.034217557098332516e-06
-6.965577999999999884e+04 1.591917125873110475e-06
-6.955577999999999884e+04 2.144474585165078245e-06
-6.945577999999999884e+04 2.691861142491100258e-06
-6.935577999999999884e+04 3.234048091382165531e-06
-6.925577999999999884e+04 3.771006811077902271e-06
-6.915577999999999884e+04 4.302708766180972973e-06
-6.905577999999999884e+04 4.829125506347843445e-06
-6.895577999999999884e+04 5.350228665958692371e-06
-6.885577999999999884e+04 5.865989963787315799e-06
-6.875577999999999884e+04 6.376381202691364225e-06
-6.865577999999999884e+04 6.881374269269411989e-06
-6.855577999999999884e+04 7.380941133551192241e-06
-6.845577999999999884e+04 7.875053848662152416e-06
-6.835577999999999884e+04 8.363684550506203123e-06
-6.825577999999999884e+04 8.846805457440443094e-06
-6.815577999999999884e+04 9.324388869943450918e-06
-6.805577999999999884e+04 9.796407170300186243e-06
-6.795577999999999884e+04 1.026283282226920747e-05
-6.785577999999999884e+04 1.072363837076649978e-05
-6.775577999999999884e+04 1.117879644153163062e-05
-6.765577999999999884e+04 1.162827974080835901e-05
-6.755577999999999884e+04 1.207206105502042691e-05
-6.745577999999999884e+04 1.251011325044360331e-05
-6.735577999999999884e+04 1.294240927288469428e-05
-6.725577999999999884e+04 1.336892214735679060e-05
-6.715577999999999884e+04 1.378962497774971431e-05
-6.705577999999999884e+04 1.420449094650848499e-05
-6.695577999999999884e+04 1.461349331431232310e-05
-6.685577999999999884e+04 1.501660541974348211e-05
-6.675577999999999884e+04 1.541380067896839482e-05
-6.665577999999999884e+04 1.580505258540918377e-05
-6.655577999999999884e+04 1.619033470941571047e-05
-6.645577999999999884e+04 1.656962069795474138e-05
-6.635577999999999884e+04 1.694288427426753996e-05
-6.625577999999999884e+04 1.731009923755958487e-05
-6.615577999999999884e+04 1.767123946266404725e-05
-6.605577999999999884e+04 1.802627889972668429e-05
-6.595577999999999884e+04 1.837519157387840332e-05
-6.585577999999999884e+04 1.871795158490679949e-05
-6.575577999999999884e+04 1.905453310693835229e-05
-6.565577999999999884e+04 1.938491038810565687e-05
-6.555577999999999884e+04 1.970905775022963757e-05
-6.545577999999999884e+04 2.002694958849106518e-05
-6.535577999999999884e+04 2.033856037110955852e-05
-6.525577999999999884e+04 2.064386463901187623e-05
-6.515577999999999884e+04 2.094283700551627158e-05
-6.505577999999999884e+04 2.123545215600241732e-05
-6.495577999999999884e+04 2.152168484758717161e-05
-6.485577999999999884e+04 2.180150990880038464e-05
-6.475577999999999884e+04 2.207490223926015298e-05
-6.465577999999999884e+04 2.234183680934914796e-05
-6.455577999999999884e+04 2.260228865989039854e-05
-6.445577999999999884e+04 2.285623290181988939e-05
-6.435577999999999884e+04 2.310364471586447491e-05
-6.425577999999999884e+04 2.334449935221447726e-05
-6.415577999999999884e+04 2.357877213020214251e-05
-6.405577999999999884e+04 2.380643843797850773e-05
-6.395577999999999884e+04 2.402747373218116079e-05
-6.385577999999999884e+04 2.424185353761753133e-05
-6.375577999999999884e+04 2.444955344693479528e-05
-6.365577999999999884e+04 2.465054912030101436e-05
-6.355577999999999884e+04 2.484481628507396992e-05
-6.345577999999999884e+04 2.503233073548017136e-05
-6.335577999999999884e+04 2.521306833229065253e-05
-6.325577999999999884e+04 2.538700500249299724e-05
-6.315577999999999884e+04 2.555411673897304116e-05
-6.305577999999999884e+04 2.571437960018316021e-05
-6.295577999999999884e+04 2.586776970982020152e-05
-6.285577999999999884e+04 2.601426325650289258e-05
-6.275577999999999884e+04 2.615383649344333824e-05
-6.265577999999999884e+04 2.628646573812923418e-05
-6.255577999999999884e+04 2.641212737199004790e-05
-6.245577999999999884e+04 2.653079784007759918e-05
-6.235577999999999884e+04 2.664245365074133137e-05
-6.225577999999999884e+04 2.674707137530571042e-05
-6.215577999999999884e+04 2.684462764773904857e-05
-6.205577999999999884e+04 2.693509916433306159e-05
-6.195577999999999884e+04 2.701846268338024750e-05
-6.185577999999999884e+04 2.709469502484433315e-05
-6.175577999999999884e+04 2.716377307004142394e-05
-6.165577999999999884e+04 2.722567376130882743e-05
-6.155577999999999884e+04 2.728037410168567117e-05
-6.145577999999999884e+04 2.732785115458441648e-05
-6.135577999999999884e+04 2.736808204346931125e-05
-6.125577999999999884e+04 2.740104395153219311e-05
-6.115577999999999884e+04 2.742671412136239733e-05
-6.105577999999999884e+04 2.744506985463056621e-05
-6.095577999999999884e+04 2.745608851175213979e-05
-6.085577999999999884e+04 2.745974751157919853e-05
-6.075577999999999884e+04 2.745602433105806883e-05
-6.065577999999999884e+04 2.744489650491847556e-05
-6.055577999999999884e+04 2.742634162534079016e-05
-6.045577999999999884e+04 2.740033734163502895e-05
-6.035577999999999884e+04 2.736686135991556871e-05
-6.025577999999999884e+04 2.732589144277586910e-05
-6.015577999999999884e+04 2.727740540896427592e-05
-6.005577999999999884e+04 2.722138113305872651e-05
-5.995577999999999884e+04 2.715779654514201768e-05
-5.985577999999999884e+04 2.708662963048081074e-05
-5.975577999999999884e+04 2.700785842919605433e-05
-5.965577999999999884e+04 2.692146103593933993e-05
-5.955577999999999884e+04 2.682741559956813246e-05
-5.945577999999999884e+04 2.672570032282692342e-05
-5.935577999999999884e+04 2.661629346201393350e-05
-5.925577999999999884e+04 2.649917332666171010e-05
-5.915577999999999884e+04 2.637431827920917306e-05
-5.905577999999999884e+04 2.624170673468116178e-05
-5.895577999999999884e+04 2.610131716036154486e-05
-5.885577999999999884e+04 2.595312807546687191e-05
-5.875577999999999884e+04 2.579711805082538187e-05
-5.865577999999999884e+04 2.563326570854849998e-05
-5.855577999999999884e+04 2.546154972170825372e-05
-5.845577999999999884e+04 2.528194881401465491e-05
-5.835577999999999884e+04 2.509444175948668501e-05
-5.825577999999999884e+04 2.489900738213076141e-05
-5.815577999999999884e+04 2.469562455561331513e-05
-5.805577999999999884e+04 2.448427220294086313e-05
-5.795577999999999884e+04 2.426492929613098681e-05
-5.785577999999999884e+04 2.403757485588919570e-05
-5.775577999999999884e+04 2.380218795128364651e-05
-5.765577999999999884e+04 2.355874769942307748e-05
-5.755577999999999884e+04 2.330723326512725154e-05
-5.745577999999999884e+04 2.304762386060915977e-05
-5.735577999999999884e+04 2.277989874514065342e-05
-5.725577999999999884e+04 2.250403722474001071e-05
-5.715577999999999884e+04 2.222001865183756213e-05
-5.705577999999999884e+04 2.192782242495307932e-05
-5.695577999999999884e+04 2.162742798837585066e-05
-5.685577999999999884e+04 2.131881483183406068e-05
-5.675577999999999884e+04 2.100196249017431677e-05
-5.665577999999999884e+04 2.067685054303263452e-05
-5.655577999999999884e+04 2.034345861451664111e-05
-5.645577999999999884e+04 2.000176637287281331e-05
-5.635577999999999884e+04 1.965175353016815238e-05
-5.625577999999999884e+04 1.929339984196276852e-05
-5.615577999999999884e+04 1.892668510698459656e-05
-5.605577999999999884e+04 1.855158916680840428e-05
-5.595577999999999884e+04 1.816809190552462629e-05
-5.585577999999999884e+04 1.777617324942264826e-05
-5.575577999999999884e+04 1.737581316666070459e-05
-5.565577999999999884e+04 1.696699166693954713e-05
-5.555577999999999884e+04 1.654968880118731843e-05
-5.545577999999999884e+04 1.612388466122303908e-05
-5.535577999999999884e+04 1.568955937944097279e-05
-5.525577999999999884e+04 1.524669312847784064e-05
-5.515577999999999884e+04 1.479526612089932067e-05
-5.505577999999999884e+04 1.433525860886407735e-05
-5.495577999999999884e+04 1.386665088380435558e-05
-5.485577999999999884e+04 1.338942327610284951e-05
-5.475577999999999884e+04 1.290355615476421301e-05
-5.465577999999999884e+04 1.240902992709513529e-05
-5.455577999999999884e+04 1.190582503837103006e-05
-5.445577999999999884e+04 1.139392197152520665e-05
-5.435577999999999884e+04 1.087330124680915216e-05
-5.425577999999999884e+04 1.034394342147794177e-05
-5.415577999999999884e+04 9.805829089463900626e-06
-5.405577999999999884e+04 9.258938881048647956e-06
-5.395577999999999884e+04 8.703253462541022940e-06
-5.385577999999999884e+04 8.138753535951817291e-06
-5.375577999999999884e+04 7.565419838669828346e-06
-5.365577999999999884e+04 6.983233143134705300e-06
-5.355577999999999884e+04 6.392174256517029940e-06
-5.345577999999999884e+04 5.792224020388216050e-06
-5.335577999999999884e+04 5.183363310399513569e-06
-5.325577999999999884e+04 4.565573035957801646e-06
-5.315577999999999884e+04 3.938834139896030149e-06
-5.305577999999999884e+04 3.303127598155697501e-06
-5.295577999999999884e+04 2.658434419455956835e-06
-5.285577999999999884e+04 2.004735644971547391e-06
-5.275577999999999884e+04 1.342012348009923128e-06
-5.265577999999999884e+04 6.702456336830329664e-07
-5.255577999999999884e+04 -1.058336141447986835e-08
-5.245577999999999884e+04 -7.004934695321615039e-07
-5.235577999999999884e+04 -1.399503492084744872e-06
-5.225577999999999884e+04 -2.107632199982778411e-06
-5.215577999999999884e+04 -2.824898333951750822e-06
-5.205577999999999884e+04 -3.551320604859242907e-06
-5.195577999999999884e+04 -4.286917694038332908e-06
-5.185577999999999884e+04 -5.031708253613675170e-06
-5.175577999999999884e+04 -5.785710906826780286e-06
-5.165577999999999884e+04 -6.548944248355944938e-06
-5.155577999999999884e+04 -7.321426844647944074e-06
-5.145577999999999884e+04 -8.103177234237965418e-06
-5.135577999999999884e+04 -8.894213928073814714e-06
-5.125577999999999884e+04 -9.694555409844135915e-06
-5.115577999999999884e+04 -1.050422013629940872e-05
-5.105577999999999884e+04 -1.132322653757990531e-05
-5.095577999999999884e+04 -1.215159301753668370e-05
-5.085577999999999884e+04 -1.298933795405954527e-05
-5.075577999999999884e+04 -1.383647969940097073e-05
-5.065577999999999884e+04 -1.469303658049765886e-05
-5.055577999999999884e+04 -1.555902689930061526e-05
-5.045577999999999884e+04 -1.643446893309427541e-05
-5.035577999999999884e+04 -1.731938093482553802e-05
-5.025577999999999884e+04 -1.821378113342475151e-05
-5.015577999999999884e+04 -1.911768773413394441e-05
-5.005577999999999884e+04 -2.003111891883049015e-05
-4.995577999999999884e+04 -2.095409284634677056e-05
-4.985577999999999884e+04 -2.188662765280402204e-05
-4.975577999999999884e+04 -2.282874145192796713e-05
-4.965577999999999884e+04 -2.378045233538132915e-05
-4.955577999999999884e+04 -2.474177837308081225e-05
-4.945577999999999884e+04 -2.571273761352799997e-05
-4.935577999999999884e+04 -2.669334808413114974e-05
-4.925577999999999884e+04 -2.768362779152967434e-05
-4.915577999999999884e+04 -2.868359472192102543e-05
-4.905577999999999884e+04 -2.969326684137981492e-05
-4.895577999999999884e+04 -3.071266209619191864e-05
-4.885577999999999884e+04 -3.174179841316773282e-05
-4.875577999999999884e+04 -3.278069369997838864e-05
-4.865577999999999884e+04 -3.382936584546902896e-05
-4.855577999999999884e+04 -3.488783271999342368e-05
-4.845577999999999884e+04 -3.595611217573230504e-05
-4.835577999999999884e+04 -3.703422204701971245e-05
-4.825577999999999884e+04 -3.812218015066960161e-05
-4.815577999999999884e+04 -3.922000428629684294e-05
-4.805577999999999884e+04 -4.032771223664493519e-05
-4.795577999999999884e+04 -4.144532176790910450e-05
-4.785577999999999884e+04 -4.257285063006159212e-05
-4.775577999999999884e+04 -4.371031655717589189e-05
-4.765577999999999884e+04 -4.485773726775171269e-05
-4.755577999999999884e+04 -4.601513046504030011e-05
-4.745577999999999884e+04 -4.718251383736675621e-05
-4.735577999999999884e+04 -4.835990505845743465e-05
-4.725577999999999884e+04 -4.954732178776178616e-05
-4.715577999999999884e+04 -5.074478167078134608e-05
-4.705577999999999884e+04 -5.195230233938860506e-05
-4.695577999999999884e+04 -5.316990141215736541e-05
-4.685577999999999884e+04 -5.439759649468295345e-05
-4.675577999999999884e+04 -5.563540517990879476e-05
-4.665577999999999884e+04 -5.688334504845175615e-05
-4.655577999999999884e+04 -5.814143366892414694e-05
-4.645577999999999884e+04 -5.940968859826251000e-05
-4.635577999999999884e+04 -6.068812738204889802e-05
-4.625577999999999884e+04 -6.197676755483558524e-05
-4.615577999999999884e+04 -6.327562664047223901e-05
-4.605577999999999884e+04 -6.458472215242743320e-05
-4.595577999999999884e+04 -6.590407159411610434e-05
-4.585577999999999884e+04 -6.723369245922159354e-05
-4.575577999999999884e+04 -6.857360223202329239e-05
-4.565577999999999884e+04 -6.992381838771935575e-05
-4.555577999999999884e+04 -7.128435839274917057e-05
-4.545577999999999884e+04 -7.265523970512410530e-05
-4.535577999999999884e+04 -7.403647977474573684e-05
-4.525577999999999884e+04 -7.542809604373494647e-05
-4.515577999999999884e+04 -7.683010594675285731e-05
-4.505577999999999884e+04 -7.824252691133043176e-05
-4.495577999999999884e+04 -7.966537635818867705e-05
-4.485577999999999884e+04 -8.109867170156362132e-05
-4.475577999999999884e+04 -8.254243034953427118e-05
-4.465577999999999884e+04 -8.399666970434363045e-05
-4.455577999999999884e+04 -8.546140716272608855e-05
-4.445577999999999884e+04 -8.693666011622927948e-05
-4.435577999999999884e+04 -8.842244595154170059e-05
-4.425577999999999884e+04 -8.991878205081588616e-05
-4.415577999999999884e+04 -9.142568579199151320e-05
-4.405577999999999884e+04 -9.294317454912395533e-05
-4.395577999999999884e+04 -9.447126569270440709e-05
-4.385577999999999884e+04 -9.600997658998922384e-05
-4.375577999999999884e+04 -9.755932460531954460e-05
-4.365577999999999884e+04 -9.911932710044926318e-05
-4.355577999999999884e+04 -1.006900014348708716e-04
-4.345577999999999884e+04 -1.022713649661350559e-04
-4.335577999999999884e+04 -1.038634350501805643e-04
-4.325577999999999884e+04 -1.054662290416557413e-04
-4.315577999999999884e+04 -1.070797642942448725e-04
-4.305577999999999884e+04 -1.087040581609910461e-04
-4.295577999999999884e+04 -1.103391279946227421e-04
-4.285577999999999884e+04 -1.119849911478781169e-04
-4.275577999999999884e+04 -1.136416649738275264e-04
-4.265577999999999884e+04 -1.153091668262007250e-04
-4.255577999999999884e+04 -1.169875140597105264e-04
-4.245577999999999884e+04 -1.186767240303777937e-04
-4.235577999999999884e+04 -1.203768140958540845e-04
-4.225577999999999884e+04 -1.220878016157509089e-04
-4.215577999999999884e+04 -1.238097039519591228e-04
-4.205577999999999884e+04 -1.255425384689766270e-04
-4.195577999999999884e+04 -1.272863225342333714e-04
-4.185577999999999884e+04 -1.290410735184118309e-04
-4.175577999999999884e+04 -1.308068087957792050e-04
-4.165577999999999884e+04 -1.325835457445030837e-04
-4.155577999999999884e+04 -1.343713017469837549e-04
-4.145577999999999884e+04 -1.361700941901747763e-04
-4.135577999999999884e+04 -1.379799404659086154e-04
-4.125577999999999884e+04 -1.398008579712209615e-04
-4.115577999999999884e+04 -1.416328641086754710e-04
-4.105577999999999884e+04 -1.434759762866901129e-04
-4.095577999999999884e+04 -1.453302119198582819e-04
-4.085577999999999884e+04 -1.471955884292757398e-04
-4.075577999999999884e+04 -1.490721232428674750e-04
-4.065577999999999884e+04 -1.509598337957063230e-04
-4.055577999999999884e+04 -1.528587375303443251e-04
-4.045577999999999884e+04 -1.547688518971308878e-04
-4.035577999999999884e+04 -1.566901943545444134e-04
-4.025577999999999884e+04 -1.586227823695100791e-04
-4.015577999999999884e+04 -1.605666334177297330e-04
-4.005577999999999884e+04 -1.625217649840041188e-04
-3.995577999999999884e+04 -1.644881945625569170e-04
-3.985577999999999884e+04 -1.664659396573618753e-04
-3.975577999999999884e+04 -1.684550177824640311e-04
-3.965577999999999884e+04 -1.704554464623087668e-04
-3.955577999999999884e+04 -1.724672432320614865e-04
-3.945577999999999884e+04 -1.744904256379360208e-04
-3.935577999999999884e+04 -1.765250112375189666e-04
-3.925577999999999884e+04 -1.785710176000908540e-04
-3.915577999999999884e+04 -1.806284623069554732e-04
-3.905577999999999884e+04 -1.826973629517608254e-04
-3.895577999999999884e+04 -1.847777371408277443e-04
-3.885577999999999884e+04 -1.868696024934687872e-04
-3.875577999999999884e+04 -1.889729766423180765e-04
-3.865577999999999884e+04 -1.910878772336550152e-04
-3.855577999999999884e+04 -1.932143219277251023e-04
-3.845577999999999884e+04 -1.953523283990705876e-04
-3.835577999999999884e+04 -1.975019143368498501e-04
-3.825577999999999884e+04 -1.996630974451652613e-04
-3.815577999999999884e+04 -2.018358954433859518e-04
-3.805577999999999884e+04 -2.040203260664737498e-04
-3.795577999999999884e+04 -2.062164070653077096e-04
-3.785577999999999884e+04 -2.084241562070078275e-04
-3.775577999999999884e+04 -2.106435912752607905e-04
-3.765577999999999884e+04 -2.128747300706423093e-04
-3.755577999999999884e+04 -2.151175904109472580e-04
-3.745577999999999884e+04 -2.173721901315058545e-04
-3.735577999999999884e+04 -2.196385470855172152e-04
-3.725577999999999884e+04 -2.219166791443678670e-04
-3.715577999999999884e+04 -2.242066041979574951e-04
-3.705577999999999884e+04 -2.265083401550274298e-04
-3.695577999999999884e+04 -2.288219049434789677e-04
-3.685577999999999884e+04 -2.311473165107040810e-04
-3.675577999999999884e+04 -2.334845928239051484e-04
-3.665577999999999884e+04 -2.358337518704231974e-04
-3.655577999999999884e+04 -2.381948116580617553e-04
-3.645577999999999884e+04 -2.405677902154088033e-04
-3.635577999999999884e+04 -2.429527055921658590e-04
-3.625577999999999884e+04 -2.453495758594681411e-04
-3.615577999999999884e+04 -2.477584191102136517e-04
-3.605577999999999884e+04 -2.501792534593826642e-04
-3.595577999999999884e+04 -2.526120970443681332e-04
-3.585577999999999884e+04 -2.550569680252965645e-04
-3.575577999999999884e+04 -2.575138845853520834e-04
-3.565577999999999884e+04 -2.599828649311048930e-04
-3.555577999999999884e+04 -2.624639272928312771e-04
-3.545577999999999884e+04 -2.649570899248424928e-04
-3.535577999999999884e+04 -2.674623711058064530e-04
-3.525577999999999884e+04 -2.699797891390728248e-04
-3.515577999999999884e+04 -2.725093623530007295e-04
-3.505577999999999884e+04 -2.750511091012779316e-04
-3.495577999999999884e+04 -2.776050477632505988e-04
-3.485577999999999884e+04 -2.801711967442441177e-04
-3.475577999999999884e+04 -2.827495744758907396e-04
-3.465577999999999884e+04 -2.853401994164524559e-04
-3.455577999999999884e+04 -2.879430900511464214e-04
-3.445577999999999884e+04 -2.905582648924684799e-04
-3.435577999999999884e+04 -2.931857424805192386e-04
-3.425577999999999884e+04 -2.958255413833293284e-04
-3.415577999999999884e+04 -2.984776801971795687e-04
-3.405577999999999884e+04 -3.011421775469323540e-04
-3.395577999999999884e+04 -3.038190520863503553e-04
-3.385577999999999884e+04 -3.065083224984257917e-04
-3.375577999999999884e+04 -3.092100074957001622e-04
-3.365577999999999884e+04 -3.119241258205939513e-04
-3.355577999999999884e+04 -3.146506962457290167e-04
-3.345577999999999884e+04 -3.173897375742508681e-04
-3.335577999999999884e+04 -3.201412686401588071e-04
-3.325577999999999884e+04 -3.229053083086241404e-04
-3.315577999999999884e+04 -3.256818754763210781e-04
-3.305577999999999884e+04 -3.284709890717463568e-04
-3.295577999999999884e+04 -3.312726680555461265e-04
-3.285577999999999884e+04 -3.340869314208425121e-04
-3.275577999999999884e+04 -3.369137981935532906e-04
-3.265577999999999884e+04 -3.397532874327206754e-04
-3.255577999999999884e+04 -3.426054182308347338e-04
-3.245577999999999884e+04 -3.454702097141580512e-04
-3.235577999999999884e+04 -3.483476810430497991e-04
-3.225577999999999884e+04 -3.512378514122913215e-04
-3.215577999999999884e+04 -3.541407400514106902e-04
-3.205577999999999884e+04 -3.570563662250057974e-04
-3.195577999999999884e+04 -3.599847492330718389e-04
-3.185577999999999884e+04 -3.629259084113225630e-04
-3.175577999999999884e+04 -3.658798631315186758e-04
-3.165577999999999884e+04 -3.688466328017881140e-04
-3.155577999999999884e+04 -3.718262368669553175e-04
-3.145577999999999884e+04 -3.748186948088628036e-04
-3.135577999999999884e+04 -3.778240261466964275e-04
-3.125577999999999884e+04 -3.808422504373102637e-04
-3.115577999999999884e+04 -3.838733872755512705e-04
-3.105577999999999884e+04 -3.869174562945847671e-04
-3.095577999999999884e+04 -3.899744771662164416e-04
-3.085577999999999884e+04 -3.930444696012203769e-04
-3.075577999999999884e+04 -3.961274533496621426e-04
-3.065577999999999884e+04 -3.992234482012217245e-04
-3.055577999999999884e+04 -4.023324739855219838e-04
-3.045577999999999884e+04 -4.054545505724490933e-04
-3.035577999999999884e+04 -4.085896978724812127e-04
-3.025577999999999884e+04 -4.117379358370095214e-04
-3.015577999999999884e+04 -4.148992844586655388e-04
-3.005577999999999884e+04 -4.180737637716452470e-04
-2.995577999999999884e+04 -4.212613938520312607e-04
-2.985577999999999884e+04 -4.244621948181218291e-04
-2.975577999999999884e+04 -4.276761868307510546e-04
-2.965577999999999884e+04 -4.309033900936174062e-04
-2.955577999999999884e+04 -4.341438248536047518e-04
-2.945577999999999884e+04 -4.373975114011098954e-04
-2.935577999999999884e+04 -4.406644700703672419e-04
-2.925577999999999884e+04 -4.439447212397694496e-04
-2.915577999999999884e+04 -4.472382853321984369e-04
-2.905577999999999884e+04 -4.505451828153426747e-04
-2.895577999999999884e+04 -4.538654342020299816e-04
-2.885577999999999884e+04 -4.571990600505437862e-04
-2.875577999999999884e+04 -4.605460809649551093e-04
-2.865577999999999884e+04 -4.639065175954427836e-04
-2.855577999999999884e+04 -4.672803906386185512e-04
-2.845577999999999884e+04 -4.706677208378537338e-04
-2.835577999999999884e+04 -4.740685289836023253e-04
-2.825577999999999884e+04 -4.774828359137253848e-04
-2.815577999999999884e+04 -4.809106625138169478e-04
-2.805577999999999884e+04 -4.843520297175272810e-04
-2.795577999999999884e+04 -4.878069585068889021e-04
-2.785577999999999884e+04 -4.912754699126395093e-04
-2.775577999999999884e+04 -4.947575850145492478e-04
-2.765577999999999884e+04 -4.982533249417423924e-04
-2.755577999999999884e+04 -5.017627108730239637e-04
-2.745577999999999884e+04 -5.052857640372035788e-04
-2.735577999999999884e+04 -5.088225057134206043e-04
-2.725577999999999884e+04 -5.123729572314676814e-04
-2.715577999999999884e+04 -5.159371399721173965e-04
-2.705577999999999884e+04 -5.195150753674446144e-04
-2.695577999999999884e+04 -5.231067849011533655e-04
-2.685577999999999884e+04 -5.267122901088995036e-04
-2.675577999999999884e+04 -5.303316125786159676e-04
-2.665577999999999884e+04 -5.339647739508384750e-04
-2.655577999999999884e+04 -5.376117959190292650e-04
-2.645577999999999884e+04 -5.412727002299013834e-04
-2.635577999999999884e+04 -5.449475086837432926e-04
-2.625577999999999884e+04 -5.486362431347459757e-04
-2.615577999999999884e+04 -5.523389254913236429e-04
-2.605577999999999884e+04 -5.560555777164413781e-04
-2.595577999999999884e+04 -5.597862218279383391e-04
-2.585577999999999884e+04 -5.635308798988532351e-04
-2.575577999999999884e+04 -5.672895740577477445e-04
-2.565577999999999884e+04 -5.710623264890329681e-04
-2.555577999999999884e+04 -5.748491594332932799e-04
-2.545577999999999884e+04 -5.786500951876089862e-04
-2.535577999999999884e+04 -5.824651561058847302e-04
-2.525577999999999884e+04 -5.862943645991717167e-04
-2.515577999999999884e+04 -5.901377431359918890e-04
-2.505577999999999884e+04 -5.939953142426649237e-04
-2.495577999999999884e+04 -5.978671005036296972e-04
-2.485577999999999884e+04 -6.017531245617730156e-04
-2.475577999999999884e+04 -6.056534091187497793e-04
-2.465577999999999884e+04 -6.095679769353112799e-04
-2.455577999999999884e+04 -6.134968508316275332e-04
-2.445577999999999884e+04 -6.174400536876132987e-04
-2.435577999999999884e+04 -6.213976084432514977e-04
-2.425577999999999884e+04 -6.253695380989190153e-04
-2.415577999999999884e+04 -6.293558657157114194e-04
-2.405577999999999884e+04 -6.333566144157662696e-04
-2.395577999999999884e+04 -6.373718073825883779e-04
-2.385577999999999884e+04 -6.414014678613755033e-04
-2.375577999999999884e+04 -6.454456191593418773e-04
-2.365577999999999884e+04 -6.495042846460429226e-04
-2.355577999999999884e+04 -6.535774877536997549e-04
-2.345577999999999884e+04 -6.576652519775245519e-04
-2.335577999999999884e+04 -6.617676008760452720e-04
-2.325577999999999884e+04 -6.658845580714290715e-04
-2.315577999999999884e+04 -6.700161472498083245e-04
-2.305577999999999884e+04 -6.741623921616040401e-04
-2.295577999999999884e+04 -6.783233166218518824e-04
-2.285577999999999884e+04 -6.824989445105251540e-04
-2.275577999999999884e+04 -6.866892997728612493e-04
-2.265577999999999884e+04 -6.908944064196849639e-04
-2.255577999999999884e+04 -6.951142885277340798e-04
-2.245577999999999884e+04 -6.993489702399828924e-04
-2.235577999999999884e+04 -7.035984757659675785e-04
-2.225577999999999884e+04 -7.078628293821109157e-04
-2.215577999999999884e+04 -7.121420554320470001e-04
-2.205577999999999884e+04 -7.164361783269452069e-04
-2.195577999999999884e+04 -7.207452225458361008e-04
-2.185577999999999884e+04 -7.250692126359343116e-04
-2.175577999999999884e+04 -7.294081732129643371e-04
-2.165577999999999884e+04 -7.337621289614858038e-04
-2.155577999999999884e+04 -7.381311046352162335e-04
-2.145577999999999884e+04 -7.425151250573574970e-04
-2.135577999999999884e+04 -7.469142151209189062e-04
-2.125577999999999884e+04 -7.513283997890441010e-04
-2.115577999999999884e+04 -7.557577040953334909e-04
-2.105577999999999884e+04 -7.602021531441687571e-04
-2.095577999999999884e+04 -7.646617721110401727e-04
-2.085577999999999884e+04 -7.691365862428683944e-04
-2.075577999999999884e+04 -7.736266208583302646e-04
-2.065577999999999884e+04 -7.781319013481839643e-04
-2.055577999999999884e+04 -7.826524531755927553e-04
-2.045577999999999884e+04 -7.871883018764500245e-04
-2.035577999999999884e+04 -7.917394730597042190e-04
-2.025577999999999884e+04 -7.963059924076824805e-04
-2.015577999999999884e+04 -8.008878856764164479e-04
-2.005577999999999884e+04 -8.054851786959663258e-04
-1.995577999999999884e+04 -8.100978973707456026e-04
-1.985577999999999884e+04 -8.147260676798463112e-04
-1.975577999999999884e+04 -8.193697156773621215e-04
-1.965577999999999884e+04 -8.240288674927146850e-04
-1.955577999999999884e+04 -8.287035493309771609e-04
-1.945577999999999884e+04 -8.333937874731993682e-04
-1.935577999999999884e+04 -8.380996082767328296e-04
-1.925577999999999884e+04 -8.428210381755541891e-04
-1.915577999999999884e+04 -8.475581036805911227e-04
-1.905577999999999884e+04 -8.523108313800460819e-04
-1.895577999999999884e+04 -8.570792479397213370e-04
-1.885577999999999884e+04 -8.618633801033440209e-04
-1.875577999999999884e+04 -8.666632546928897639e-04
-1.865577999999999884e+04 -8.714788986089086042e-04
-1.855577999999999884e+04 -8.763103388308480807e-04
-1.845577999999999884e+04 -8.811576024173796862e-04
-1.835577999999999884e+04 -8.860207165067223931e-04
-1.825577999999999884e+04 -8.908997083169666129e-04
-1.815577999999999884e+04 -8.957946051464009754e-04
-1.805577999999999884e+04 -9.007054343738349865e-04
-1.795577999999999884e+04 -9.056322234589243977e-04
-1.785577999999999884e+04 -9.105749999424959246e-04
-1.775577999999999884e+04 -9.155337914468726157e-04
-1.765577999999999884e+04 -9.205086256761967284e-04
-1.755577999999999884e+04 -9.254995304167556395e-04
-1.745577999999999884e+04 -9.305065335373065641e-04
-1.735577999999999884e+04 -9.355296629894002984e-04
-1.725577999999999884e+04 -9.405689468077071307e-04
-1.715577999999999884e+04 -9.456244131103397170e-04
-1.705577999999999884e+04 -9.506960900991802930e-04
-1.695577999999999884e+04 -9.557840060602030077e-04
-1.685577999999999884e+04 -9.608881893637988584e-04
-1.675577999999999884e+04 -9.660086684651019275e-04
-1.665577999999999884e+04 -9.711454719043121492e-04
-1.655577999999999884e+04 -9.762986283070213293e-04
-1.645577999999999884e+04 -9.814681663845368879e-04
-1.635577999999999884e+04 -9.866541149342069033e-04
-1.625577999999999884e+04 -9.918565028397452639e-04
-1.615577999999999884e+04 -9.970753590715548693e-04
-1.605577999999999884e+04 -1.002310712687054083e-03
-1.595577999999999884e+04 -1.007562592830999609e-03
-1.585577999999999884e+04 -1.012831028735812402e-03
-1.575577999999999884e+04 -1.018116049721902276e-03
-1.565577999999999884e+04 -1.023417685197991435e-03
-1.555577999999999884e+04 -1.028735964661440811e-03
-1.545577999999999884e+04 -1.034070917698572947e-03
-1.535577999999999884e+04 -1.039422573984997685e-03
-1.525577999999999884e+04 -1.044790963285936996e-03
-1.515577999999999884e+04 -1.050176115456548723e-03
-1.505577999999999884e+04 -1.055578060442252056e-03
-1.495577999999999884e+04 -1.060996828279051497e-03
-1.485577999999999884e+04 -1.066432449093862546e-03
-1.475577999999999884e+04 -1.071884953104835017e-03
-1.465577999999999884e+04 -1.077354370621678731e-03
-1.455577999999999884e+04 -1.082840732045987475e-03
-1.445577999999999884e+04 -1.088344067871564258e-03
-1.435577999999999884e+04 -1.093864408684745281e-03
-1.425577999999999884e+04 -1.099401785164725188e-03
-1.415577999999999884e+04 -1.104956228083881680e-03
-1.405577999999999884e+04 -1.110527768308099258e-03
-1.395577999999999884e+04 -1.116116436797095568e-03
-1.385577999999999884e+04 -1.121722264604744492e-03
-1.375577999999999884e+04 -1.127345282879400759e-03
-1.365577999999999884e+04 -1.132985522864226506e-03
-1.355577999999999884e+04 -1.138643015897513504e-03
-1.345577999999999884e+04 -1.144317793413009501e-03
-1.335577999999999884e+04 -1.150009886940241751e-03
-1.325577999999999884e+04 -1.155719328104842921e-03
-1.315577999999999884e+04 -1.161446148628874405e-03
-1.305577999999999884e+04 -1.167190380331151580e-03
-1.295577999999999884e+04 -1.172952055127568852e-03
-1.285577999999999884e+04 -1.178731205031423616e-03
-1.275577999999999884e+04 -1.184527862153741083e-03
-1.265577999999999884e+04 -1.190342058703599106e-03
-1.255577999999999884e+04 -1.196173826988453006e-03
-1.245577999999999884e+04 -1.202023199414459535e-03
-1.235577999999999884e+04 -1.207890208486802133e-03
-1.225577999999999884e+04 -1.213774886810015758e-03
-1.215577999999999884e+04 -1.219677267088310410e-03
-1.205577999999999884e+04 -1.225597382125896825e-03
-1.195577999999999884e+04 -1.231535264827311087e-03
-1.185577999999999884e+04 -1.237490948197739020e-03
-1.175577999999999884e+04 -1.243464465343340581e-03
-1.165577999999999884e+04 -1.249455849471574689e-03
-1.155577999999999884e+04 -1.255465133891524266e-03
-1.145577999999999884e+04 -1.261492352014219548e-03
-1.135577999999999884e+04 -1.267537537352965947e-03
-1.125577999999999884e+04 -1.273600723523664107e-03
-1.115577999999999884e+04 -1.279681944245137986e-03
-1.105577999999999884e+04 -1.285781233339458813e-03
-1.095577999999999884e+04 -1.291898624732268830e-03
-1.085577999999999884e+04 -1.298034152453106122e-03
-1.075577999999999884e+04 -1.304187850635730962e-03
-1.065577999999999884e+04 -1.310359753518447598e-03
-1.055577999999999884e+04 -1.316549895444431469e-03
-1.045577999999999884e+04 -1.322758310862052079e-03
-1.035577999999999884e+04 -1.328985034325199125e-03
-1.025577999999999884e+04 -1.335230100493605375e-03
-1.015577999999999884e+04 -1.341493544133173657e-03
-1.005577999999999884e+04 -1.347775400116299092e-03
-9.955779999999998836e+03 -1.354075703422195215e-03
-9.855779999999998836e+03 -1.360394489137218372e-03
-9.755779999999998836e+03 -1.366731792455191897e-03
-9.655779999999998836e+03 -1.373087648677731370e-03
-9.555779999999998836e+03 -1.379462093214568795e-03
-9.455779999999998836e+03 -1.385855161583877428e-03
-9.355779999999998836e+03 -1.392266889412597250e-03
-9.255779999999998836e+03 -1.398697312436757200e-03
-9.155779999999998836e+03 -1.405146466501802811e-03
-9.055779999999998836e+03 -1.411614387562918878e-03
-8.955779999999998836e+03 -1.418101111685354495e-03
-8.855779999999998836e+03 -1.424606675044748751e-03
-8.755779999999998836e+03 -1.431131113927453392e-03
-8.655779999999998836e+03 -1.437674464730859811e-03
-8.555779999999998836e+03 -1.444236763963721061e-03
-8.455779999999998836e+03 -1.450818048246479064e-03
-8.355779999999998836e+03 -1.457418354311587920e-03
-8.255779999999998836e+03 -1.464037719003838953e-03
-8.155779999999998836e+03 -1.470676179280683803e-03
-8.055779999999998836e+03 -1.477333772212562285e-03
-7.955779999999998836e+03 -1.484010534983223753e-03
-7.855779999999998836e+03 -1.490706504890054523e-03
-7.755779999999998836e+03 -1.497421719344399884e-03
-7.655779999999998836e+03 -1.504156215871890441e-03
-7.555779999999998836e+03 -1.510910032112766947e-03
-7.455779999999998836e+03 -1.517683205822203387e-03
-7.355779999999998836e+03 -1.524475774870633115e-03
-7.255779999999998836e+03 -1.531287777244073672e-03
-7.155779999999998836e+03 -1.538119251044449453e-03
-7.055779999999998836e+03 -1.544970234489918045e-03
-6.955779999999998836e+03 -1.551840765915195276e-03
-6.855779999999998836e+03 -1.558730883771877870e-03
-6.755779999999998836e+03 -1.565640626628770011e-03
-6.655779999999998836e+03 -1.572570033172207300e-03
-6.555779999999998836e+03 -1.579519142206380934e-03
-6.455779999999998836e+03 -1.586487992653663184e-03
-6.355779999999998836e+03 -1.593476623554931351e-03
-6.255779999999998836e+03 -1.600485074069892813e-03
-6.155779999999998836e+03 -1.607513383477409416e-03
-6.055779999999998836e+03 -1.614561591175822956e-03
-5.955779999999998836e+03 -1.621629736683278047e-03
-5.855779999999998836e+03 -1.628717859638048908e-03
-5.755779999999998836e+03 -1.635825999798862012e-03
-5.655779999999998836e+03 -1.642954197045222225e-03
-5.555779999999998836e+03 -1.650102491377736973e-03
-5.455779999999998836e+03 -1.657270922918440640e-03
-5.355779999999998836e+03 -1.664459531911119394e-03
-5.255779999999998836e+03 -1.671668358721635798e-03
-5.155779999999998836e+03 -1.678897443838253851e-03
-5.055779999999998836e+03 -1.686146827871962735e-03
-4.955779999999998836e+03 -1.693416551556802289e-03
-4.855779999999998836e+03 -1.700706655750187620e-03
-4.755779999999998836e+03 -1.708017181433233063e-03
-4.655779999999998836e+03 -1.715348169711077659e-03
-4.555779999999998836e+03 -1.722699661813209115e-03
-4.455779999999998836e+03 -1.730071699093788410e-03
-4.355779999999998836e+03 -1.737464323031976364e-03
-4.255779999999998836e+03 -1.744877575232254337e-03
-4.155779999999998836e+03 -1.752311497424753400e-03
-4.055779999999998836e+03 -1.759766131465575470e-03
-3.955779999999998836e+03 -1.767241519337119874e-03
-3.855779999999998836e+03 -1.774737703148407311e-03
-3.755779999999998836e+03 -1.782254725135404240e-03
-3.655779999999998836e+03 -1.789792627661349229e-03
-3.555779999999998836e+03 -1.797351453217074530e-03
-3.455779999999998836e+03 -1.804931244421333720e-03
-3.355779999999998836e+03 -1.812532044021124581e-03
-3.255779999999998836e+03 -1.820153894892013926e-03
-3.155779999999998836e+03 -1.827796840038463941e-03
-3.055779999999998836e+03 -1.835460922594153764e-03
-2.955779999999998836e+03 -1.843146185822307345e-03
-2.855779999999998836e+03 -1.850852673116015453e-03
-2.755779999999998836e+03 -1.858580427998561806e-03
-2.655779999999998836e+03 -1.866329494123748333e-03
-2.555779999999998836e+03 -1.874099915276217177e-03
-2.455779999999998836e+03 -1.881891735371778564e-03
-2.355779999999998836e+03 -1.889704998457732805e-03
-2.255779999999998836e+03 -1.897539748713196863e-03
-2.155779999999998836e+03 -1.905396030449427658e-03
-2.055779999999998836e+03 -1.913273888110147763e-03
-1.955779999999998836e+03 -1.921173366271868499e-03
-1.855779999999998836e+03 -1.929094509644217357e-03
-1.755779999999998836e+03 -1.937037363070259364e-03
-1.655779999999998836e+03 -1.945001971526823638e-03
-1.555779999999998836e+03 -1.952988380124828435e-03
-1.455779999999998836e+03 -1.960996634109603808e-03
-1.355779999999998836e+03 -1.969026778861218598e-03
-1.255779999999998836e+03 -1.977078859894803534e-03
-1.155779999999998836e+03 -1.985152922860876270e-03
-1.055779999999998836e+03 -1.993249013545665780e-03
-9.557799999999988358e+02 -2.001367177871437621e-03
-8.557799999999988358e+02 -2.009507461896818323e-03
-7.557799999999988358e+02 -2.017669911817120219e-03
-6.557799999999988358e+02 -2.025854573964664968e-03
-5.557799999999988358e+02 -2.034061494809110120e-03
-4.557799999999988358e+02 -2.042290720957771772e-03
-3.557799999999988358e+02 -2.050542299155950696e-03
-2.557799999999988358e+02 -2.058816276287256733e-03
-1.557799999999988358e+02 -2.067112699373932320e-03
-5.577999999999883585e+01 -2.075431615577178618e-03
4.422000000000116415e+01 -2.083773072197479467e-03
1.442200000000011642e+02 -2.092137116674925787e-03
2.442200000000011642e+02 -2.100523796589540831e-03
3.442200000000011642e+02 -2.108933159661604152e-03
4.442200000000011642e+02 -2.117365253751977289e-03
5.442200000000011642e+02 -2.125820126862426867e-03
6.442200000000011642e+02 -2.134297827135950721e-03
7.442200000000011642e+02 -2.142798402857101422e-03
8.442200000000011642e+02 -2.151321902452312841e-03
9.442200000000011642e+02 -2.159868374490221503e-03
1.044220000000001164e+03 -2.168437867681994018e-03
1.144220000000001164e+03 -2.177030430881651477e-03
1.244220000000001164e+03 -2.185646113086392103e-03
1.344220000000001164e+03 -2.194284963436918257e-03
1.444220000000001164e+03 -2.202947031217759952e-03
1.544220000000001164e+03 -2.211632365857599258e-03
1.644220000000001164e+03 -2.220341016929595554e-03
1.744220000000001164e+03 -2.229073034151710358e-03
1.844220000000001164e+03 -2.237828467387030854e-03
1.944220000000001164e+03 -2.246607366644095150e-03
2.044220000000001164e+03 -2.255409782077217977e-03
2.144220000000001164e+03 -2.264235763986814209e-03
2.244220000000001164e+03 -2.273085362819722392e-03
2.344220000000001164e+03 -2.281958629169532175e-03
2.444220000000001164e+03 -2.290855613776906531e-03
2.544220000000001164e+03 -2.299776367529907887e-03
2.644220000000001164e+03 -2.308720941464322083e-03
2.744220000000001164e+03 -2.317689386763983200e-03
2.844220000000001164e+03 -2.326681754761097953e-03
2.944220000000001164e+03 -2.335698096936570517e-03
3.044220000000001164e+03 -2.344738464920327354e-03
3.144220000000001164e+03 -2.353802910491642475e-03
3.244220000000001164e+03 -2.362891485579459664e-03
3.344220000000001164e+03 -2.372004242262719907e-03
3.444220000000001164e+03 -2.381141232770684919e-03
3.544220000000001164e+03 -2.390302509483261534e-03
3.644220000000001164e+03 -2.399488124931326537e-03
3.744220000000001164e+03 -2.408698131797051487e-03
3.844220000000001164e+03 -2.417932582914227111e-03
3.944220000000001164e+03 -2.427191531268589001e-03
4.044220000000001164e+03 -2.436475029998139835e-03
4.144220000000001164e+03 -2.445783132393476375e-03
4.244220000000001164e+03 -2.455115891898113859e-03
4.344220000000001164e+03 -2.464473362108809094e-03
4.444220000000001164e+03 -2.473855596775886151e-03
4.544220000000001164e+03 -2.483262649803561622e-03
4.644220000000001164e+03 -2.492694575250268153e-03
4.744220000000001164e+03 -2.502151427328979695e-03
4.844220000000001164e+03 -2.511633260407535040e-03
4.944220000000001164e+03 -2.521140129008965676e-03
5.044220000000001164e+03 -2.530672087811815848e-03
5.144220000000001164e+03 -2.540229191650470852e-03
5.244220000000001164e+03 -2.549811495515479694e-03
5.344220000000001164e+03 -2.559419054553880787e-03
5.444220000000001164e+03 -2.569051924069525473e-03
5.544220000000001164e+03 -2.578710159523405019e-03
5.644220000000001164e+03 -2.588393816533971978e-03
5.744220000000001164e+03 -2.598102950877467180e-03
5.844220000000001164e+03 -2.607837618488244129e-03
5.944220000000001164e+03 -2.617597875459092959e-03
6.044220000000001164e+03 -2.627383778041564397e-03
6.144220000000001164e+03 -2.637195382646296323e-03
6.244220000000001164e+03 -2.647032745843338163e-03
6.344220000000001164e+03 -2.656895924362473547e-03
6.444220000000001164e+03 -2.666784975093546440e-03
6.544220000000001164e+03 -2.676699955086785966e-03
6.644220000000001164e+03 -2.686640921553130369e-03
6.744220000000001164e+03 -2.696607931864553141e-03
6.844220000000001164e+03 -2.706601043554384810e-03
6.944220000000001164e+03 -2.716620314317639510e-03
7.044220000000001164e+03 -2.726665802011340664e-03
7.144220000000001164e+03 -2.736737564654843219e-03
7.244220000000001164e+03 -2.746835660430160201e-03
7.344220000000001164e+03 -2.756960147682285377e-03
7.444220000000001164e+03 -2.767111084919521118e-03
7.544220000000001164e+03 -2.777288530813798451e-03
7.644220000000001164e+03 -2.787492544201007096e-03
7.744220000000001164e+03 -2.797723184081315952e-03
7.844220000000001164e+03 -2.807980509619497494e-03
7.944220000000001164e+03 -2.818264580145257367e-03
8.044220000000001164e+03 -2.828575455153553141e-03
8.144220000000001164e+03 -2.838913194304922612e-03
8.244220000000001164e+03 -2.849277857425807758e-03
8.344220000000001164e+03 -2.859669504508877396e-03
8.444220000000001164e+03 -2.870088195713354183e-03
8.544220000000001164e+03 -2.880533991365340305e-03
8.644220000000001164e+03 -2.891006951958137536e-03
8.744220000000001164e+03 -2.901507138152575969e-03
8.844220000000001164e+03 -2.912034610777337537e-03
8.944220000000001164e+03 -2.922589430829280414e-03
9.044220000000001164e+03 -2.933171659473762967e-03
9.144220000000001164e+03 -2.943781358044970323e-03
9.244220000000001164e+03 -2.954418588046237026e-03
9.344220000000001164e+03 -2.965083411150372297e-03
9.444220000000001164e+03 -2.975775889199986160e-03
9.544220000000001164e+03 -2.986496084207811673e-03
9.644220000000001164e+03 -2.997244058357031917e-03
9.744220000000001164e+03 -3.008019874001601791e-03
9.844220000000001164e+03 -3.018823593666575007e-03
9.944220000000001164e+03 -3.029655280048428913e-03
1.004422000000000116e+04 -3.040514996015387592e-03
1.014422000000000116e+04 -3.051402804607747984e-03
1.024422000000000116e+04 -3.062318769038200814e-03
1.034422000000000116e+04 -3.073262952692162788e-03
1.044422000000000116e+04 -3.084235419128092751e-03
1.054422000000000116e+04 -3.095236232077823012e-03
1.064422000000000116e+04 -3.106265455446878543e-03
1.074422000000000116e+04 -3.117323153314806132e-03
1.084422000000000116e+04 -3.128409389935497484e-03
1.094422000000000116e+04 -3.139524229737511007e-03
1.104422000000000116e+04 -3.150667737324403146e-03
1.114422000000000116e+04 -3.161839977475044104e-03
1.124422000000000116e+04 -3.173041015143951774e-03
1.134422000000000116e+04 -3.184270915461607458e-03
1.144422000000000116e+04 -3.195529743734789804e-03
1.154422000000000116e+04 -3.206817565446890526e-03
1.164422000000000116e+04 -3.218134446258244866e-03
1.174422000000000116e+04 -3.229480452006454685e-03
1.184422000000000116e+04 -3.240855648706712430e-03
1.194422000000000116e+04 -3.252260102552126386e-03
1.204422000000000116e+04 -3.263693879914045075e-03
1.214422000000000116e+04 -3.275157047342382079e-03
1.224422000000000116e+04 -3.286649671565940872e-03
1.234422000000000116e+04 -3.298171819492740076e-03
1.244422000000000116e+04 -3.309723558210334819e-03
1.254422000000000116e+04 -3.321304954986145901e-03
1.264422000000000116e+04 -3.332916077267781153e-03
1.274422000000000116e+04 -3.344556992683364160e-03
1.284422000000000116e+04 -3.356227769041851289e-03
1.294422000000000116e+04 -3.367928474333365188e-03
1.304422000000000116e+04 -3.379659176729513537e-03
1.314422000000000116e+04 -3.391419944583715616e-03
1.324422000000000116e+04 -3.403210846431527128e-03
1.334422000000000116e+04 -3.415031950990963724e-03
1.344422000000000116e+04 -3.426883327162828438e-03
1.354422000000000116e+04 -3.438765044031033037e-03
1.364422000000000116e+04 -3.450677170862923287e-03
1.374422000000000116e+04 -3.462619777109605945e-03
1.384422000000000116e+04 -3.474592932406270554e-03
1.394422000000000116e+04 -3.486596706572515567e-03
1.404422000000000116e+04 -3.498631169612674043e-03
1.414422000000000116e+04 -3.510696391716134571e-03
1.424422000000000116e+04 -3.522792443257671303e-03
1.434422000000000116e+04 -3.534919394797761839e-03
1.444422000000000116e+04 -3.547077317082919859e-03
1.454422000000000116e+04 -3.559266281046013451e-03
1.464422000000000116e+04 -3.571486357806591665e-03
1.474422000000000116e+04 -3.583737618671208915e-03
1.484422000000000116e+04 -3.596020135133752398e-03
1.494422000000000116e+04 -3.608333978875762158e-03
1.504422000000000116e+04 -3.620679221766758948e-03
1.514422000000000116e+04 -3.633055935864568185e-03
1.524422000000000116e+04 -3.645464193415644347e-03
1.534422000000000116e+04 -3.657904066855395368e-03
1.544422000000000116e+04 -3.670375628808507026e-03
1.554422000000000116e+04 -3.682878952089267775e-03
1.564422000000000116e+04 -3.695414109701897036e-03
1.574422000000000116e+04 -3.707981174840862225e-03
1.584422000000000116e+04 -3.720580220891210512e-03
1.594422000000000116e+04 -3.733211321428889749e-03
1.604422000000000116e+04 -3.745874550221072862e-03
1.614422000000000116e+04 -3.758569981226486147e-03
1.624422000000000116e+04 -3.771297688595730193e-03
1.634422000000000116e+04 -3.784057746671604713e-03
1.644422000000000116e+04 -3.796850229989435967e-03
1.654422000000000116e+04 -3.809675213277399428e-03
1.664422000000000116e+04 -3.822532771456843732e-03
1.674422000000000116e+04 -3.835422979642617684e-03
1.684422000000000116e+04 -3.848345913143391608e-03
1.694422000000000116e+04 -3.861301647461985211e-03
1.704422000000000116e+04 -3.874290258295691545e-03
1.714422000000000116e+04 -3.887311821536600532e-03
1.724422000000000116e+04 -3.900366413271921621e-03
1.734422000000000116e+04 -3.913454109784315557e-03
1.744422000000000116e+04 -3.926574987552211397e-03
1.754422000000000116e+04 -3.939729123250132643e-03
1.764422000000000116e+04 -3.952916593749028137e-03
1.774422000000000116e+04 -3.966137476116588650e-03
1.784422000000000116e+04 -3.979391847617574744e-03
1.794422000000000116e+04 -3.992679785714142900e-03
1.804422000000000116e+04 -4.006001368066167308e-03
1.814422000000000116e+04 -4.019356672531568600e-03
1.824422000000000116e+04 -4.032745777166632170e-03
1.834422000000000116e+04 -4.046168760226339506e-03
1.844422000000000116e+04 -4.059625700164689113e-03
1.854422000000000116e+04 -4.073116675635021777e-03
1.864422000000000116e+04 -4.086641765490344955e-03
1.874422000000000116e+04 -4.100201048783658903e-03
1.884422000000000116e+04 -4.113794604768278469e-03
1.894422000000000116e+04 -4.127422512898160090e-03
1.904422000000000116e+04 -4.141084852828228781e-03
1.914422000000000116e+04 -4.154781704414695596e-03
1.924422000000000116e+04 -4.168513147715388958e-03
1.934422000000000116e+04 -4.182279262990076449e-03
1.944422000000000116e+04 -4.196080130700788335e-03
1.954422000000000116e+04 -4.209915831512148036e-03
1.964422000000000116e+04 -4.223786446291686973e-03
1.974422000000000116e+04 -4.237692056110178504e-03
1.984422000000000116e+04 -4.251632742241957981e-03
1.994422000000000116e+04 -4.265608586165249745e-03
2.004422000000000116e+04 -4.279619669562485448e-03
2.014422000000000116e+04 -4.293666074320637988e-03
2.024422000000000116e+04 -4.307747882531541561e-03
2.034422000000000116e+04 -4.321865176492214328e-03
2.044422000000000116e+04 -4.336018038705185401e-03
2.054422000000000116e+04 -4.350206551878821847e-03
2.064422000000000116e+04 -4.364430798927647001e-03
2.074422000000000116e+04 -4.378690862972670940e-03
2.084422000000000116e+04 -4.392986827341715736e-03
2.094422000000000116e+04 -4.407318775569730313e-03
2.104422000000000116e+04 -4.421686791399128715e-03
2.114422000000000116e+04 -4.436090958780104961e-03
2.124422000000000116e+04 -4.450531361870963508e-03
2.134422000000000116e+04 -4.465008085038438441e-03
2.144422000000000116e+04 -4.479521212858023071e-03
2.154422000000000116e+04 -4.494070830114291724e-03
2.164422000000000116e+04 -4.508657021801225004e-03
2.174422000000000116e+04 -4.523279873122535051e-03
2.184422000000000116e+04 -4.537939469491990806e-03
2.194422000000000116e+04 -4.552635896533738930e-03
2.204422000000000116e+04 -4.567369240082634271e-03
2.214422000000000116e+04 -4.582139586184559056e-03
2.224422000000000116e+04 -4.596947021096751615e-03
2.234422000000000116e+04 -4.611791631288127309e-03
2.244422000000000116e+04 -4.626673503439606393e-03
2.254422000000000116e+04 -4.641592724444438406e-03
2.264422000000000116e+04 -4.656549381408523966e-03
2.274422000000000116e+04 -4.671543561650743498e-03
2.284422000000000116e+04 -4.686575352703275556e-03
2.294422000000000116e+04 -4.701644842311929889e-03
2.304422000000000116e+04 -4.716752118436467502e-03
2.314422000000000116e+04 -4.731897269250921571e-03
2.324422000000000116e+04 -4.747080383143930521e-03
2.334422000000000116e+04 -4.762301548719056338e-03
2.344422000000000116e+04 -4.777560854795112437e-03
2.354422000000000116e+04 -4.792858390406483718e-03
2.364422000000000116e+04 -4.808194244803458764e-03
2.374422000000000116e+04 -4.823568507452546429e-03
2.384422000000000116e+04 -4.838981268036808038e-03
2.394422000000000116e+04 -4.854432616456175707e-03
2.404422000000000116e+04 -4.869922642827778474e-03
2.414422000000000116e+04 -4.885451437486272759e-03
2.424422000000000116e+04 -4.901019090984157223e-03
2.434422000000000116e+04 -4.916625694092104093e-03
2.444422000000000116e+04 -4.932271337799285296e-03
2.454422000000000116e+04 -4.947956113313688176e-03
2.464422000000000116e+04 -4.963680112062452028e-03
2.474422000000000116e+04 -4.979443425692181222e-03
2.484422000000000116e+04 -4.995246146069279997e-03
2.494422000000000116e+04 -5.011088365280269054e-03
2.504422000000000116e+04 -5.026970175632116018e-03
2.514422000000000116e+04 -5.042891669652555496e-03
2.524422000000000116e+04 -5.058852940090417805e-03
2.534422000000000116e+04 -5.074854079915949896e-03
2.544422000000000116e+04 -5.090895182321143221e-03
2.554422000000000116e+04 -5.106976340720056386e-03
2.564422000000000116e+04 -5.123097648749140413e-03
2.574422000000000116e+04 -5.139259200267564005e-03
2.584422000000000116e+04 -5.155461089357534464e-03
2.594422000000000116e+04 -5.171703410324629893e-03
2.604422000000000116e+04 -5.187986257698118386e-03
2.614422000000000116e+04 -5.204309726231278951e-03
2.624422000000000116e+04 -5.220673910901735444e-03
2.634422000000000116e+04 -5.237078906911779227e-03
2.644422000000000116e+04 -5.253524809688682289e-03
2.654422000000000116e+04 -5.270011714885038979e-03
2.664422000000000116e+04 -5.286539718379080002e-03
2.674422000000000116e+04 -5.303108916274996802e-03
2.684422000000000116e+04 -5.319719404903273767e-03
2.694422000000000116e+04 -5.336371280821003947e-03
2.704422000000000116e+04 -5.353064640812220387e-03
2.714422000000000116e+04 -5.369799581888216183e-03
2.724422000000000116e+04 -5.386576201287871478e-03
2.734422000000000116e+04 -5.403394596477981322e-03
2.744422000000000116e+04 -5.420254865153573132e-03
2.754422000000000116e+04 -5.437157105238234547e-03
2.764422000000000116e+04 -5.454101414884439565e-03
2.774422000000000116e+04 -5.471087892473874663e-03
2.784422000000000116e+04 -5.488116636617756255e-03
2.794422000000000116e+04 -5.505187746157163761e-03
2.804422000000000116e+04 -5.522301320163358791e-03
2.814422000000000116e+04 -5.539457457938110410e-03
2.824422000000000116e+04 -5.556656259014024733e-03
2.834422000000000116e+04 -5.573897823154862381e-03
2.844422000000000116e+04 -5.591182250355868077e-03
2.854422000000000116e+04 -5.608509640844089837e-03
2.864422000000000116e+04 -5.625880095078713769e-03
2.874422000000000116e+04 -5.643293713751378060e-03
2.884422000000000116e+04 -5.660750597786503441e-03
2.894422000000000116e+04 -5.678250848341614976e-03
2.904422000000000116e+04 -5.695794566807670795e-03
2.914422000000000116e+04 -5.713381854809381280e-03
2.924422000000000116e+04 -5.731012814205537799e-03
2.934422000000000116e+04 -5.748687547089336228e-03
2.944422000000000116e+04 -5.766406155788699611e-03
2.954422000000000116e+04 -5.784168742866607760e-03
2.964422000000000116e+04 -5.801975411121416439e-03
2.974422000000000116e+04 -5.819826263587184363e-03
2.984422000000000116e+04 -5.837721403533998460e-03
2.994422000000000116e+04 -5.855660934468298259e-03
3.004422000000000116e+04 -5.873644960133197687e-03
3.014422000000000116e+04 -5.891673584508815530e-03
3.024422000000000116e+04 -5.909746911812594622e-03
3.034422000000000116e+04 -5.927865046499630579e-03
3.044422000000000116e+04 -5.946028093262989249e-03
3.054422000000000116e+04 -5.964236157034044118e-03
3.064422000000000116e+04 -5.982489342982788560e-03
3.074422000000000116e+04 -6.000787756518165435e-03
3.084422000000000116e+04 -6.019131503288391478e-03
3.094422000000000116e+04 -6.037520689181286038e-03
3.104422000000000116e+04 -6.055955420324586787e-03
3.114422000000000116e+04 -6.074435803086281060e-03
3.124422000000000116e+04 -6.092961944074930247e-03
3.134422000000000116e+04 -6.111533950139991581e-03
3.144422000000000116e+04 -6.130151928372145134e-03
3.154422000000000116e+04 -6.148815986103613879e-03
3.164422000000000116e+04 -6.167526230908498483e-03
3.174422000000000116e+04 -6.186282770603090432e-03
3.184422000000000116e+04 -6.205085713246202492e-03
3.194422000000000116e+04 -6.223935167139494837e-03
3.204422000000000116e+04 -6.242831240827794240e-03
3.214422000000000116e+04 -6.261774043099424536e-03
3.224422000000000116e+04 -6.280763682986526680e-03
3.234422000000000116e+04 -6.299800269765387477e-03
3.244422000000000116e+04 -6.318883912956759635e-03
3.254422000000000116e+04 -6.338014722326191369e-03
3.264422000000000116e+04 -6.357192807884345584e-03
3.274422000000000116e+04 -6.376418279887331210e-03
3.284422000000000116e+04 -6.395691248837018922e-03
3.294422000000000116e+04 -6.415011825481377675e-03
3.304422000000000116e+04 -6.434380120814788689e-03
3.314422000000000116e+04 -6.453796246078372448e-03
3.324422000000000116e+04 -6.473260312760318290e-03
3.334422000000000116e+04 -6.492772432596204471e-03
3.344422000000000116e+04 -6.512332717569325156e-03
3.354422000000000116e+04 -6.531941279911011346e-03
3.364422000000000116e+04 -6.551598232100960470e-03
3.374422000000000116e+04 -6.571303686867559050e-03
3.384422000000000116e+04 -6.591057757188204490e-03
3.394422000000000116e+04 -6.610860556289634669e-03
3.404422000000000116e+04 -6.630712197648248873e-03
3.414422000000000116e+04 -6.650612794990435651e-03
3.424422000000000116e+04 -6.670562462292892875e-03
3.434422000000000116e+04 -6.690561313782955599e-03
3.444422000000000116e+04 -6.710609463938923061e-03
3.454422000000000116e+04 -6.730707027490376131e-03
3.464422000000000116e+04 -6.750854119418511247e-03
3.474422000000000116e+04 -6.771050854956453535e-03
3.484422000000000116e+04 -6.791297349589595078e-03
3.494422000000000116e+04 -6.811593719055908033e-03
3.504422000000000116e+04 -6.831940079346275098e-03
3.514422000000000116e+04 -6.852336546704812167e-03
3.524422000000000116e+04 -6.872783237629193596e-03
3.534422000000000116e+04 -6.893280268870980061e-03
3.544422000000000116e+04 -6.913827757435935147e-03
3.554422000000000116e+04 -6.934425820584355811e-03
3.564422000000000116e+04 -6.955074575831400249e-03
3.574422000000000116e+04 -6.975774140947402745e-03
3.584422000000000116e+04 -6.996524633958209338e-03
3.594422000000000116e+04 -7.017326173145491813e-03
3.604422000000000116e+04 -7.038178877047081630e-03
3.614422000000000116e+04 -7.059082864457289115e-03
3.624422000000000116e+04 -7.080038254427228721e-03
3.634422000000000116e+04 -7.101045166265145155e-03
3.644422000000000116e+04 -7.122103719536738639e-03
3.654422000000000116e+04 -7.143214034065486703e-03
3.664422000000000116e+04 -7.164376229932971178e-03
3.674422000000000116e+04 -7.185590427479200855e-03
3.684422000000000116e+04 -7.206856747302939348e-03
3.694422000000000116e+04 -7.228175310262026886e-03
3.704422000000000116e+04 -7.249546237473703837e-03
3.714422000000000116e+04 -7.270969650314941177e-03
3.724422000000000116e+04 -7.292445670422757070e-03
3.734422000000000116e+04 -7.313974419694549943e-03
3.744422000000000116e+04 -7.335556020288417668e-03
3.754422000000000116e+04 -7.357190594623480226e-03
3.764422000000000116e+04 -7.378878265380211035e-03
3.774422000000000116e+04 -7.400619155500757877e-03
3.784422000000000116e+04 -7.422413388189267290e-03
3.794422000000000116e+04 -7.444261086912208961e-03
3.804422000000000116e+04 -7.466162375398702720e-03
3.814422000000000116e+04 -7.488117377640839470e-03
3.824422000000000116e+04 -7.510126217894011642e-03
3.834422000000000116e+04 -7.532189020677229792e-03
3.844422000000000116e+04 -7.554305910773455660e-03
3.854422000000000116e+04 -7.576477013229919628e-03
3.864422000000000116e+04 -7.598702453358450321e-03
3.874422000000000116e+04 -7.620982356735796388e-03
3.884422000000000116e+04 -7.643316849203955245e-03
3.894422000000000116e+04 -7.665706056870490517e-03
3.904422000000000116e+04 -7.688150106108862514e-03
3.914422000000000116e+04 -7.710649123558752614e-03
3.924422000000000116e+04 -7.733203236126384196e-03
3.934422000000000116e+04 -7.755812570984853965e-03
3.944422000000000116e+04 -7.778477255574445942e-03
3.954422000000000116e+04 -7.801197417602967130e-03
3.964422000000000116e+04 -7.823973185046066703e-03
3.974422000000000116e+04 -7.846804686147559535e-03
3.984422000000000116e+04 -7.869692049419754060e-03
3.994422000000000116e+04 -7.892635403643778400e-03
4.004422000000000116e+04 -7.915634877869896086e-03
4.014422000000000116e+04 -7.938690601417840859e-03
4.024422000000000116e+04 -7.961802703877141063e-03
4.034422000000000116e+04 -7.984971315107428427e-03
4.044422000000000116e+04 -8.008196565238788478e-03
4.054422000000000116e+04 -8.031478584672062382e-03
4.064422000000000116e+04 -8.054817504079186952e-03
4.074422000000000116e+04 -8.078213454403505162e-03
4.084422000000000116e+04 -8.101666566860107888e-03
4.094422000000000116e+04 -8.125176972936142689e-03
4.104422000000000116e+04 -8.148744804391148608e-03
4.114422000000000116e+04 -8.172370193257375362e-03
4.124422000000000116e+04 -8.196053271840112939e-03
4.134422000000000116e+04 -8.219794172718007316e-03
4.144422000000000116e+04 -8.243593028743398735e-03
4.154422000000000116e+04 -8.267449973042630476e-03
4.164422000000000116e+04 -8.291365139016388872e-03
4.174422000000000116e+04 -8.315338660340019020e-03
4.184422000000000116e+04 -8.339370670963849180e-03
4.194422000000000116e+04 -8.363461305113516903e-03
4.204422000000000116e+04 -8.387610697290296888e-03
4.214422000000000116e+04 -8.411818982271421913e-03
4.224422000000000116e+04 -8.436086295110408959e-03
4.234422000000000116e+04 -8.460412771137381868e-03
4.244422000000000116e+04 -8.484798545959397476e-03
4.254422000000000116e+04 -8.509243755460775202e-03
4.264422000000000116e+04 -8.533748535803409307e-03
4.274422000000000116e+04 -8.558313023427107161e-03
4.284422000000000116e+04 -8.582937355049904959e-03
4.294422000000000116e+04 -8.607621667668393858e-03
4.304422000000000116e+04 -8.632366098558051301e-03
4.314422000000000116e+04 -8.657170785273553271e-03
4.324422000000000116e+04 -8.682035865649110826e-03
4.334422000000000116e+04 -8.706961477798789290e-03
4.344422000000000116e+04 -8.731947760116832644e-03
4.354422000000000116e+04 -8.756994851277989655e-03
4.364422000000000116e+04 -8.782102890237834802e-03
4.374422000000000116e+04 -8.807272016233104808e-03
4.384422000000000116e+04 -8.832502368782000485e-03
4.394422000000000116e+04 -8.857794087684540615e-03
4.404422000000000116e+04 -8.883147313022860328e-03
4.414422000000000116e+04 -8.908562185161549365e-03
4.424422000000000116e+04 -8.934038844747981684e-03
4.434422000000000116e+04 -8.959577432712620762e-03
4.444422000000000116e+04 -8.985178090269363080e-03
4.454422000000000116e+04 -9.010840958915855570e-03
4.464422000000000116e+04 -9.036566180433818277e-03
4.474422000000000116e+04 -9.062353896889372221e-03
4.484422000000000116e+04 -9.088204250633363790e-03
4.494422000000000116e+04 -9.114117384301687400e-03
4.504422000000000116e+04 -9.140093440815613354e-03
4.514422000000000116e+04 -9.166132563382107037e-03
4.524422000000000116e+04 -9.192234895494160243e-03
4.534422000000000116e+04 -9.218400580931112101e-03
4.544422000000000116e+04 -9.244629763758969998e-03
4.554422000000000116e+04 -9.270922588330744382e-03
4.564422000000000116e+04 -9.297279199286766216e-03
4.574422000000000116e+04 -9.323699741555007900e-03
4.584422000000000116e+04 -9.350184360351419810e-03
4.594422000000000116e+04 -9.376733201180244281e-03
4.604422000000000116e+04 -9.403346409834345207e-03
4.614422000000000116e+04 -9.430024132395528960e-03
4.624422000000000116e+04 -9.456766515234873993e-03
4.634422000000000116e+04 -9.483573705013053495e-03
4.644422000000000116e+04 -9.510445848680658051e-03
4.654422000000000116e+04 -9.537383093478523505e-03
4.664422000000000116e+04 -9.564385586938053616e-03
4.674422000000000116e+04 -9.591453476881540985e-03
4.684422000000000116e+04 -9.618586911422500121e-03
4.694422000000000116e+04 -9.645786038965990100e-03
4.704422000000000116e+04 -9.673051008208926813e-03
4.714422000000000116e+04 -9.700381968140431646e-03
4.724422000000000116e+04 -9.727779068042131591e-03
4.734422000000000116e+04 -9.755242457488495778e-03
4.744422000000000116e+04 -9.782772286347161603e-03
4.754422000000000116e+04 -9.810368704779257390e-03
4.764422000000000116e+04 -9.838031863239719843e-03
4.774422000000000116e+04 -9.865761912477634052e-03
4.784422000000000116e+04 -9.893559003536542273e-03
4.794422000000000116e+04 -9.921423287754776998e-03
4.804422000000000116e+04 -9.949354916765788814e-03
4.814422000000000116e+04 -9.977354042498456921e-03
4.824422000000000116e+04 -1.000542081717742914e-02
4.834422000000000116e+04 -1.003355539332344108e-02
4.844422000000000116e+04 -1.006175792375363712e-02
4.854422000000000116e+04 -1.009002856158190166e-02
4.864422000000000116e+04 -1.011836746021918011e-02
4.874422000000000116e+04 -1.014677477337379806e-02
4.884422000000000116e+04 -1.017525065505179432e-02
4.894422000000000116e+04 -1.020379525955725057e-02
4.904422000000000116e+04 -1.023240874149259835e-02
4.914422000000000116e+04 -1.026109125575895738e-02
4.924422000000000116e+04 -1.028984295755645470e-02
4.934422000000000116e+04 -1.031866400238455432e-02
4.944422000000000116e+04 -1.034755454604237637e-02
4.954422000000000116e+04 -1.037651474462902325e-02
4.964422000000000116e+04 -1.040554475454390747e-02
4.974422000000000116e+04 -1.043464473248707260e-02
4.984422000000000116e+04 -1.046381483545951591e-02
4.994422000000000116e+04 -1.049305522076352665e-02
5.004422000000000116e+04 -1.052236604600298615e-02
5.014422000000000116e+04 -1.055174746908371652e-02
5.024422000000000116e+04 -1.058119964821379114e-02
5.034422000000000116e+04 -1.061072274190386598e-02
5.044422000000000116e+04 -1.064031690896750058e-02
5.054422000000000116e+04 -1.066998230852148413e-02
5.064422000000000116e+04 -1.069971909998615987e-02
5.074422000000000116e+04 -1.072952744308575124e-02
5.084422000000000116e+04 -1.075940749784867929e-02
5.094422000000000116e+04 -1.078935942460790449e-02
5.104422000000000116e+04 -1.081938338400122851e-02
5.114422000000000116e+04 -1.084947953697163424e-02
5.124422000000000116e+04 -1.087964804476760847e-02
5.134422000000000116e+04 -1.090988906894346626e-02
5.144422000000000116e+04 -1.094020277135967015e-02
5.154422000000000116e+04 -1.097058931418315626e-02
5.164422000000000116e+04 -1.100104885988766740e-02
5.174422000000000116e+04 -1.103158157125406873e-02
5.184422000000000116e+04 -1.106218761137067394e-02
5.194422000000000116e+04 -1.109286714363357657e-02
5.204422000000000116e+04 -1.112362033174696049e-02
5.214422000000000116e+04 -1.115444733972344518e-02
5.224422000000000116e+04 -1.118534833188438403e-02
5.234422000000000116e+04 -1.121632347286021826e-02
5.244422000000000116e+04 -1.124737292759077703e-02
5.254422000000000116e+04 -1.127849686132561396e-02
5.264422000000000116e+04 -1.130969543962433328e-02
5.274422000000000116e+04 -1.134096882835690726e-02
5.284422000000000116e+04 -1.137231719370400754e-02
5.294422000000000116e+04 -1.140374070215731915e-02
5.304422000000000116e+04 -1.143523952051988223e-02
5.314422000000000116e+04 -1.146681381590640425e-02
5.324422000000000116e+04 -1.149846375574358794e-02
5.334422000000000116e+04 -1.153018950777045040e-02
5.344422000000000116e+04 -1.156199124003866319e-02
5.354422000000000116e+04 -1.159386912091285061e-02
5.364422000000000116e+04 -1.162582331907095062e-02
5.374422000000000116e+04 -1.165785400350450619e-02
5.384422000000000116e+04 -1.168996134351900362e-02
5.394422000000000116e+04 -1.172214550873420212e-02
5.404422000000000116e+04 -1.175440666908444953e-02
5.414422000000000116e+04 -1.178674499481901020e-02
5.424422000000000116e+04 -1.181916065650239281e-02
5.434422000000000116e+04 -1.185165382501466788e-02
5.444422000000000116e+04 -1.188422467155180080e-02
5.454422000000000116e+04 -1.191687336762596583e-02
5.464422000000000116e+04 -1.194960008506589129e-02
5.474422000000000116e+04 -1.198240499601715275e-02
5.484422000000000116e+04 -1.201528827294252345e-02
5.494422000000000116e+04 -1.204825008862228999e-02
5.504422000000000116e+04 -1.208129061615458369e-02
5.514422000000000116e+04 -1.211441002895568587e-02
5.524422000000000116e+04 -1.214760850076037658e-02
5.534422000000000116e+04 -1.218088620562224507e-02
5.544422000000000116e+04 -1.221424331791401766e-02
5.554422000000000116e+04 -1.224768001232788041e-02
5.564422000000000116e+04 -1.228119646387580872e-02
5.574422000000000116e+04 -1.231479284788988653e-02
5.584422000000000116e+04 -1.234846934002263932e-02
5.594422000000000116e+04 -1.238222611624734473e-02
5.604422000000000116e+04 -1.241606335285837075e-02
5.614422000000000116e+04 -1.244998122647149666e-02
5.624422000000000116e+04 -1.248397991402422878e-02
5.634422000000000116e+04 -1.251805959277614046e-02
5.644422000000000116e+04 -1.255222044030918603e-02
5.654422000000000116e+04 -1.258646263452802352e-02
5.664422000000000116e+04 -1.262078635366034769e-02
5.674422000000000116e+04 -1.265519177625721615e-02
5.684422000000000116e+04 -1.268967908119335991e-02
5.694422000000000116e+04 -1.272424844766751988e-02
5.704422000000000116e+04 -1.275890005520276954e-02
5.714422000000000116e+04 -1.279363408364684110e-02
5.724422000000000116e+04 -1.282845071317244116e-02
5.734422000000000116e+04 -1.286335012427758731e-02
5.744422000000000116e+04 -1.289833249778592206e-02
5.754422000000000116e+04 -1.293339801484704767e-02
5.764422000000000116e+04 -1.296854685693684880e-02
5.774422000000000116e+04 -1.300377920585780132e-02
5.784422000000000116e+04 -1.303909524373932267e-02
5.794422000000000116e+04 -1.307449515303807895e-02
5.804422000000000116e+04 -1.310997911653831102e-02
5.814422000000000116e+04 -1.314554731735216586e-02
5.824422000000000116e+04 -1.318119993892002094e-02
5.834422000000000116e+04 -1.321693716501080168e-02
5.844422000000000116e+04 -1.325275917972230412e-02
5.854422000000000116e+04 -1.328866616748154011e-02
5.864422000000000116e+04 -1.332465831304503398e-02
5.874422000000000116e+04 -1.336073580149917117e-02
5.884422000000000116e+04 -1.339689881826049839e-02
5.894422000000000116e+04 -1.343314754907607746e-02
5.904422000000000116e+04 -1.346948218002378891e-02
5.914422000000000116e+04 -1.350590289751265986e-02
5.924422000000000116e+04 -1.354240988828318837e-02
5.934422000000000116e+04 -1.357900333940767999e-02
5.944422000000000116e+04 -1.361568343829055658e-02
5.954422000000000116e+04 -1.365245037266869278e-02
5.964422000000000116e+04 -1.368930433061172833e-02
5.974422000000000116e+04 -1.372624550052240974e-02
5.984422000000000116e+04 -1.376327407113689394e-02
5.994422000000000116e+04 -1.380039023152509342e-02
6.004422000000000116e+04 -1.383759417109098507e-02
6.014422000000000116e+04 -1.387488607957295186e-02
6.024422000000000116e+04 -1.391226614704407956e-02
6.034422000000000116e+04 -1.394973456391251573e-02
6.044422000000000116e+04 -1.398729152092176645e-02
6.054422000000000116e+04 -1.402493720915103971e-02
6.064422000000000116e+04 -1.406267182001555600e-02
6.074422000000000116e+04 -1.410049554526688134e-02
6.084422000000000116e+04 -1.413840857699325167e-02
6.094422000000000116e+04 -1.417641110761989724e-02
6.104422000000000116e+04 -1.421450332990936184e-02
6.114422000000000116e+04 -1.425268543696182888e-02
6.124422000000000116e+04 -1.429095762221545447e-02
6.134422000000000116e+04 -1.432932007944668316e-02
6.144422000000000116e+04 -1.436777300277057579e-02
6.154422000000000116e+04 -1.440631658664113558e-02
6.164422000000000116e+04 -1.444495102585163088e-02
6.174422000000000116e+04 -1.448367651553491425e-02
6.184422000000000116e+04 -1.452249325116375910e-02
6.194422000000000116e+04 -1.456140142855118051e-02
6.204422000000000116e+04 -1.460040124385074585e-02
6.214422000000000116e+04 -1.463949289355691991e-02
6.224422000000000116e+04 -1.467867657450538411e-02
6.234422000000000116e+04 -1.471795248387334706e-02
6.244422000000000116e+04 -1.475732081917989318e-02
6.254422000000000116e+04 -1.479678177828627587e-02
6.264422000000000116e+04 -1.483633555939627841e-02
6.274422000000000116e+04 -1.487598236105650874e-02
6.284422000000000116e+04 -1.491572238215674133e-02
6.294422000000000116e+04 -1.495555582193023453e-02
6.304422000000000116e+04 -1.499548287995406022e-02
6.314422000000000116e+04 -1.503550375614941780e-02
6.324422000000000116e+04 -1.507561865078197588e-02
6.334422000000000116e+04 -1.511582776446217941e-02
6.344422000000000116e+04 -1.515613129814558611e-02
6.354422000000000116e+04 -1.519652945313318231e-02
6.364422000000000116e+04 -1.523702243107172456e-02
6.374422000000000116e+04 -1.527761043395404160e-02
6.384422000000000116e+04 -1.531829366411937079e-02
6.394422000000000116e+04 -1.535907232425368606e-02
6.404422000000000116e+04 -1.539994661739001527e-02
6.414422000000000116e+04 -1.544091674690876298e-02
6.424422000000000116e+04 -1.548198291653805035e-02
6.434422000000000116e+04 -1.552314533035402747e-02
6.444422000000000116e+04 -1.556440419278118728e-02
6.454422000000000116e+04 -1.560575970859271952e-02
6.464422000000000116e+04 -1.564721208291080731e-02
6.474422000000000116e+04 -1.568876152120696546e-02
6.484422000000000116e+04 -1.573040822930237004e-02
6.494422000000000116e+04 -1.577215241336816023e-02
6.504422000000000116e+04 -1.581399427992579917e-02
6.514422000000000116e+04 -1.585593403584735495e-02
6.524422000000000116e+04 -1.589797188835587183e-02
6.534422000000000116e+04 -1.594010804502565132e-02
6.544422000000000116e+04 -1.598234271378260948e-02
6.554422000000000116e+04 -1.602467610290458574e-02
6.564422000000000116e+04 -1.606710842102166553e-02
6.574422000000000116e+04 -1.610963987711651682e-02
6.584422000000000116e+04 -1.615227068052470238e-02
6.594422000000000116e+04 -1.619500104093501633e-02
6.604422000000000116e+04 -1.623783116838979634e-02
6.614422000000000116e+04 -1.628076127328526024e-02
6.624422000000000116e+04 -1.632379156637182166e-02
6.634422000000000116e+04 -1.636692225875441276e-02
6.644422000000000116e+04 -1.641015356189282764e-02
6.654422000000000116e+04 -1.645348568760202773e-02
6.664422000000000116e+04 -1.649691884805245742e-02
6.674422000000000116e+04 -1.654045325577040843e-02
6.684422000000000116e+04 -1.658408912363829729e-02
6.694422000000000116e+04 -1.662782666489502625e-02
6.704422000000000116e+04 -1.667166609313628853e-02
6.714422000000000116e+04 -1.671560762231489791e-02
6.724422000000000116e+04 -1.675965146674111492e-02
6.734422000000000116e+04 -1.680379784108297636e-02
6.744422000000000116e+04 -1.684804696036659374e-02
6.754422000000000116e+04 -1.689239903997652448e-02
6.764422000000000116e+04 -1.693685429565605638e-02
6.774422000000000116e+04 -1.698141294350753380e-02
6.784422000000000116e+04 -1.702607519999272886e-02
6.794422000000000116e+04 -1.707084128193309125e-02
6.804422000000000116e+04 -1.711571140651014025e-02
6.814422000000000116e+04 -1.716068579126575969e-02
6.824422000000000116e+04 -1.720576465410251707e-02
6.834422000000000116e+04 -1.725094821328399669e-02
6.844422000000000116e+04 -1.729623668743513268e-02
6.854422000000000116e+04 -1.734163029554252125e-02
6.864422000000000116e+04 -1.738712925695473990e-02
6.874422000000000116e+04 -1.743273379138269435e-02
6.884422000000000116e+04 -1.747844411889992733e-02
6.894422000000000116e+04 -1.752426045994294121e-02
6.904422000000000116e+04 -1.757018303531153111e-02
6.914422000000000116e+04 -1.761621206616910754e-02
