-1.143557799999999988e+05 -2.782331254132714197e-04
-1.142557799999999988e+05 -2.819170140146948049e-04
-1.141557799999999988e+05 -2.855586891648395544e-04
-1.140557799999999988e+05 -2.891583499028419152e-04
-1.139557799999999988e+05 -2.927161948062236094e-04
-1.138557799999999988e+05 -2.962324219915252253e-04
-1.137557799999999988e+05 -2.997072291149481191e-04
-1.136557799999999988e+05 -3.031408133730201151e-04
-1.135557799999999988e+05 -3.065333715032375161e-04
-1.134557799999999988e+05 -3.098850997847110711e-04
-1.133557799999999988e+05 -3.131961940388041906e-04
-1.132557799999999988e+05 -3.164668496298150726e-04
-1.131557799999999988e+05 -3.196972614656020165e-04
-1.130557799999999988e+05 -3.228876239982357869e-04
-1.129557799999999988e+05 -3.260381312246398355e-04
-1.128557799999999988e+05 -3.291489766872618015e-04
-1.127557799999999988e+05 -3.322203534747137331e-04
-1.126557799999999988e+05 -3.352524542224096524e-04
-1.125557799999999988e+05 -3.382454711132248048e-04
-1.124557799999999988e+05 -3.411995958781501373e-04
-1.123557799999999988e+05 -3.441150197969262319e-04
-1.122557799999999988e+05 -3.469919336987170285e-04
-1.121557799999999988e+05 -3.498305279627284708e-04
-1.120557799999999988e+05 -3.526309925188846148e-04
-1.119557799999999988e+05 -3.553935168484483346e-04
-1.118557799999999988e+05 -3.581182899847210662e-04
-1.117557799999999988e+05 -3.608055005136226391e-04
-1.116557799999999988e+05 -3.634553365744041392e-04
-1.115557799999999988e+05 -3.660679858602468762e-04
-1.114557799999999988e+05 -3.686436356189513939e-04
-1.113557799999999988e+05 -3.711824726535563335e-04
-1.112557799999999988e+05 -3.736846833230292320e-04
-1.111557799999999988e+05 -3.761504535428529679e-04
-1.110557799999999988e+05 -3.785799687857300047e-04
-1.109557799999999988e+05 -3.809734140822071077e-04
-1.108557799999999988e+05 -3.833309740213344851e-04
-1.107557799999999988e+05 -3.856528327513056298e-04
-1.106557799999999988e+05 -3.879391739801121776e-04
-1.105557799999999988e+05 -3.901901809761752380e-04
-1.104557799999999988e+05 -3.924060365690537036e-04
-1.103557799999999988e+05 -3.945869231500006083e-04
-1.102557799999999988e+05 -3.967330226727143168e-04
-1.101557799999999988e+05 -3.988445166538798670e-04
-1.100557799999999988e+05 -4.009215861739202674e-04
-1.099557799999999988e+05 -4.029644118775847859e-04
-1.098557799999999988e+05 -4.049731739746167633e-04
-1.097557799999999988e+05 -4.069480522403870048e-04
-1.096557799999999988e+05 -4.088892260165763936e-04
-1.095557799999999988e+05 -4.107968742117924224e-04
-1.094557799999999988e+05 -4.126711753022342969e-04
-1.093557799999999988e+05 -4.145123073323440542e-04
-1.092557799999999988e+05 -4.163204479154330138e-04
-1.091557799999999988e+05 -4.180957742343691629e-04
-1.090557799999999988e+05 -4.198384630422039325e-04
-1.089557799999999988e+05 -4.215486906628078119e-04
-1.088557799999999988e+05 -4.232266329915530703e-04
-1.087557799999999988e+05 -4.248724654959363601e-04
-1.086557799999999988e+05 -4.264863632162317316e-04
-1.085557799999999988e+05 -4.280685007661620255e-04
-1.084557799999999988e+05 -4.296190523335200666e-04
-1.083557799999999988e+05 -4.311381916808274244e-04
-1.082557799999999988e+05 -4.326260921459978916e-04
-1.081557799999999988e+05 -4.340829266429601947e-04
-1.080557799999999988e+05 -4.355088676623301456e-04
-1.079557799999999988e+05 -4.369040872720415932e-04
-1.078557799999999988e+05 -4.382687571180271936e-04
-1.077557799999999988e+05 -4.396030484248304422e-04
-1.076557799999999988e+05 -4.409071319962582012e-04
-1.075557799999999988e+05 -4.421811782160634755e-04
-1.074557799999999988e+05 -4.434253570485661186e-04
-1.073557799999999988e+05 -4.446398380393202132e-04
-1.072557799999999988e+05 -4.458247903157285430e-04
-1.071557799999999988e+05 -4.469803825877357770e-04
-1.070557799999999988e+05 -4.481067831484554639e-04
-1.069557799999999988e+05 -4.492041598748143191e-04
-1.068557799999999988e+05 -4.502726802282177080e-04
-1.067557799999999988e+05 -4.513125112551851512e-04
-1.066557799999999988e+05 -4.523238195880051283e-04
-1.065557799999999988e+05 -4.533067714453901530e-04
-1.064557799999999988e+05 -4.542615326331120068e-04
-1.063557799999999988e+05 -4.551882685446547545e-04
-1.062557799999999988e+05 -4.560871441618864612e-04
-1.061557799999999988e+05 -4.569583240556777839e-04
-1.060557799999999988e+05 -4.578019723865610585e-04
-1.059557799999999988e+05 -4.586182529053958908e-04
-1.058557799999999988e+05 -4.594073289539894831e-04
-1.057557799999999988e+05 -4.601693634657647741e-04
-1.056557799999999988e+05 -4.609045189664212594e-04
-1.055557799999999988e+05 -4.616129575745494098e-04
-1.054557799999999988e+05 -4.622948410023111697e-04
-1.053557799999999988e+05 -4.629503305560753006e-04
-1.052557799999999988e+05 -4.635795871370683896e-04
-1.051557799999999988e+05 -4.641827712420228233e-04
-1.050557799999999988e+05 -4.647600429638404276e-04
-1.049557799999999988e+05 -4.653115619922107882e-04
-1.048557799999999988e+05 -4.658374876142983641e-04
-1.047557799999999988e+05 -4.663379787153585309e-04
-1.046557799999999988e+05 -4.668131937794121173e-04
-1.045557799999999988e+05 -4.672632908898718030e-04
-1.044557799999999988e+05 -4.676884277302211000e-04
-1.043557799999999988e+05 -4.680887615846238917e-04
-1.042557799999999988e+05 -4.684644493386135511e-04
-1.041557799999999988e+05 -4.688156474797137009e-04
-1.040557799999999988e+05 -4.691425120981099857e-04
-1.039557799999999988e+05 -4.694451988872686628e-04
-1.038557799999999988e+05 -4.697238631446276191e-04
-1.037557799999999988e+05 -4.699786597722087280e-04
-1.036557799999999988e+05 -4.702097432772873445e-04
-1.035557799999999988e+05 -4.704172677730259671e-04
-1.034557799999999988e+05 -4.706013869791438411e-04
-1.033557799999999988e+05 -4.707622542225507289e-04
-1.032557799999999988e+05 -4.709000224380120139e-04
-1.031557799999999988e+05 -4.710148441687653947e-04
-1.030557799999999988e+05 -4.711068715672119011e-04
-1.029557799999999988e+05 -4.711762563955300409e-04
-1.028557799999999988e+05 -4.712231500263565158e-04
-1.027557799999999988e+05 -4.712477034433980912e-04
-1.026557799999999988e+05 -4.712500672421270575e-04
-1.025557799999999988e+05 -4.712303916303849137e-04
-1.024557799999999988e+05 -4.711888264290604823e-04
-1.023557799999999988e+05 -4.711255210727321356e-04
-1.022557799999999988e+05 -4.710406246103117584e-04
-1.021557799999999988e+05 -4.709342857056954311e-04
-1.020557799999999988e+05 -4.708066526384353649e-04
-1.019557799999999988e+05 -4.706578733043410910e-04
-1.018557799999999988e+05 -4.704880952161794765e-04
-1.017557799999999988e+05 -4.702974655042822566e-04
-1.016557799999999988e+05 -4.700861309172266970e-04
-1.015557799999999988e+05 -4.698542378224754355e-04
-1.014557799999999988e+05 -4.696019322070204985e-04
-1.013557799999999988e+05 -4.693293596780297020e-04
-1.012557799999999988e+05 -4.690366654635015641e-04
-1.011557799999999988e+05 -4.687239944129198378e-04
-1.010557799999999988e+05 -4.683914909978980148e-04
-1.009557799999999988e+05 -4.680392993128187885e-04
-1.008557799999999988e+05 -4.676675630755064753e-04
-1.007557799999999988e+05 -4.672764256278493476e-04
-1.006557799999999988e+05 -4.668660299364738985e-04
-1.005557799999999988e+05 -4.664365185933761729e-04
-1.004557799999999988e+05 -4.659880338165743488e-04
-1.003557799999999988e+05 -4.655207174507551386e-04
-1.002557799999999988e+05 -4.650347109679478378e-04
-1.001557799999999988e+05 -4.645301554681469276e-04
-1.000557799999999988e+05 -4.640071916799586396e-04
-9.995577999999999884e+04 -4.634659599612683356e-04
-9.985577999999999884e+04 -4.629066002998848497e-04
-9.975577999999999884e+04 -4.623292523141866181e-04
-9.965577999999999884e+04 -4.617340552537638524e-04
-9.955577999999999884e+04 -4.611211480000838598e-04
-9.945577999999999884e+04 -4.604906690671203688e-04
-9.935577999999999884e+04 -4.598427566020360882e-04
-9.925577999999999884e+04 -4.591775483857841143e-04
-9.915577999999999884e+04 -4.584951818338012242e-04
-9.905577999999999884e+04 -4.577957939966285266e-04
-9.895577999999999884e+04 -4.570795215605833969e-04
-9.885577999999999884e+04 -4.563465008483843567e-04
-9.875577999999999884e+04 -4.555968678198207855e-04
-9.865577999999999884e+04 -4.548307580723993764e-04
-9.855577999999999884e+04 -4.540483068419625106e-04
-9.845577999999999884e+04 -4.532496490033987896e-04
-9.835577999999999884e+04 -4.524349190712313230e-04
-9.825577999999999884e+04 -4.516042512003048959e-04
-9.815577999999999884e+04 -4.507577791864193599e-04
-9.805577999999999884e+04 -4.498956364669758176e-04
-9.795577999999999884e+04 -4.490179561216465511e-04
-9.785577999999999884e+04 -4.481248708730061901e-04
-9.775577999999999884e+04 -4.472165130871781137e-04
-9.765577999999999884e+04 -4.462930147744891994e-04
-9.755577999999999884e+04 -4.453545075901333555e-04
-9.745577999999999884e+04 -4.444011228348046950e-04
-9.735577999999999884e+04 -4.434329914553398165e-04
-9.725577999999999884e+04 -4.424502440453895223e-04
-9.715577999999999884e+04 -4.414530108460482517e-04
-9.705577999999999884e+04 -4.404414217465192930e-04
-9.695577999999999884e+04 -4.394156062847485002e-04
-9.685577999999999884e+04 -4.383756936480874989e-04
-9.675577999999999884e+04 -4.373218126739399796e-04
-9.665577999999999884e+04 -4.362540918503825119e-04
-9.655577999999999884e+04 -4.351726593168725823e-04
-9.645577999999999884e+04 -4.340776428648458816e-04
-9.635577999999999884e+04 -4.329691699384008701e-04
-9.625577999999999884e+04 -4.318473676348960643e-04
-9.615577999999999884e+04 -4.307123627056690259e-04
-9.605577999999999884e+04 -4.295642815566460626e-04
-9.595577999999999884e+04 -4.284032502489758905e-04
-9.585577999999999884e+04 -4.272293944997229806e-04
-9.575577999999999884e+04 -4.260428396824794293e-04
-9.565577999999999884e+04 -4.248437108280348319e-04
-9.555577999999999884e+04 -4.236321326250227387e-04
-9.545577999999999884e+04 -4.224082294205538284e-04
-9.535577999999999884e+04 -4.211721252208880059e-04
-9.525577999999999884e+04 -4.199239436920721835e-04
-9.515577999999999884e+04 -4.186638081605820747e-04
-9.505577999999999884e+04 -4.173918416139964596e-04
-9.495577999999999884e+04 -4.161081667016220645e-04
-9.485577999999999884e+04 -4.148129057351332416e-04
-9.475577999999999884e+04 -4.135061806892719838e-04
-9.465577999999999884e+04 -4.121881132024469464e-04
-9.455577999999999884e+04 -4.108588245773925882e-04
-9.445577999999999884e+04 -4.095184357818390454e-04
-9.435577999999999884e+04 -4.081670674491456310e-04
-9.425577999999999884e+04 -4.068048398789511394e-04
-9.415577999999999884e+04 -4.054318730378225245e-04
-9.405577999999999884e+04 -4.040482865599054211e-04
-9.395577999999999884e+04 -4.026541997475872967e-04
-9.385577999999999884e+04 -4.012497315721162607e-04
-9.375577999999999884e+04 -3.998350006742748411e-04
-9.365577999999999884e+04 -3.984101253650329999e-04
-9.355577999999999884e+04 -3.969752236261726332e-04
-9.345577999999999884e+04 -3.955304131109513744e-04
-9.335577999999999884e+04 -3.940758111447613551e-04
-9.325577999999999884e+04 -3.926115347257649814e-04
-9.315577999999999884e+04 -3.911377005255476237e-04
-9.305577999999999884e+04 -3.896544248897723119e-04
-9.295577999999999884e+04 -3.881618238388091151e-04
-9.285577999999999884e+04 -3.866600130684047986e-04
-9.275577999999999884e+04 -3.851491079503418570e-04
-9.265577999999999884e+04 -3.836292235330593815e-04
-9.255577999999999884e+04 -3.821004745423183272e-04
-9.245577999999999884e+04 -3.805629753818437402e-04
-9.235577999999999884e+04 -3.790168401339857949e-04
-9.225577999999999884e+04 -3.774621825603534570e-04
-9.215577999999999884e+04 -3.758991161024882602e-04
-9.205577999999999884e+04 -3.743277538824724355e-04
-9.195577999999999884e+04 -3.727482087036242098e-04
-9.185577999999999884e+04 -3.711605930511161270e-04
-9.175577999999999884e+04 -3.695650190926388500e-04
-9.165577999999999884e+04 -3.679615986790427378e-04
-9.155577999999999884e+04 -3.663504433449906979e-04
-9.145577999999999884e+04 -3.647316643096088699e-04
-9.135577999999999884e+04 -3.631053724771284193e-04
-9.125577999999999884e+04 -3.614716784375511288e-04
-9.115577999999999884e+04 -3.598306924672830609e-04
-9.105577999999999884e+04 -3.581825245297803623e-04
-9.095577999999999884e+04 -3.565272842762175123e-04
-9.085577999999999884e+04 -3.548650810461180570e-04
-9.075577999999999884e+04 -3.531960238680312606e-04
-9.065577999999999884e+04 -3.515202214601311805e-04
-9.055577999999999884e+04 -3.498377822309248686e-04
-9.045577999999999884e+04 -3.481488142798560550e-04
-9.035577999999999884e+04 -3.464534253979833708e-04
-9.025577999999999884e+04 -3.447517230686095646e-04
-9.015577999999999884e+04 -3.430438144679427573e-04
-9.005577999999999884e+04 -3.413298064657491865e-04
-8.995577999999999884e+04 -3.396098056259865428e-04
-8.985577999999999884e+04 -3.378839182074631106e-04
-8.975577999999999884e+04 -3.361522501644947946e-04
-8.965577999999999884e+04 -3.344149071475363967e-04
-8.955577999999999884e+04 -3.326719945038471532e-04
-8.945577999999999884e+04 -3.309236172781370279e-04
-8.935577999999999884e+04 -3.291698802131999948e-04
-8.925577999999999884e+04 -3.274108877505884111e-04
-8.915577999999999884e+04 -3.256467440312398498e-04
-8.905577999999999884e+04 -3.238775528961425820e-04
-8.895577999999999884e+04 -3.221034178869756361e-04
-8.885577999999999884e+04 -3.203244422467698901e-04
-8.875577999999999884e+04 -3.185407289205351741e-04
-8.865577999999999884e+04 -3.167523805559278134e-04
-8.855577999999999884e+04 -3.149594995038991984e-04
-8.845577999999999884e+04 -3.131621878193377949e-04
-8.835577999999999884e+04 -3.113605472617237855e-04
-8.825577999999999884e+04 -3.095546792957713507e-04
-8.815577999999999884e+04 -3.077446850920852617e-04
-8.805577999999999884e+04 -3.059306655278118360e-04
-8.795577999999999884e+04 -3.041127211872764473e-04
-8.785577999999999884e+04 -3.022909523626426129e-04
-8.775577999999999884e+04 -3.004654590545712423e-04
-8.765577999999999884e+04 -2.986363409728325070e-04
-8.755577999999999884e+04 -2.968036975370058009e-04
-8.745577999999999884e+04 -2.949676278770937791e-04
-8.735577999999999884e+04 -2.931282308341772694e-04
-8.725577999999999884e+04 -2.912856049610742506e-04
-8.715577999999999884e+04 -2.894398485229778516e-04
-8.705577999999999884e+04 -2.875910594981215631e-04
-8.695577999999999884e+04 -2.857393355784086718e-04
-8.685577999999999884e+04 -2.838847741700796946e-04
-8.675577999999999884e+04 -2.820274723943481010e-04
-8.665577999999999884e+04 -2.801675270880551712e-04
-8.655577999999999884e+04 -2.783050348043182944e-04
-8.645577999999999884e+04 -2.764400918131837675e-04
-8.635577999999999884e+04 -2.745727941022708648e-04
-8.625577999999999884e+04 -2.727032373774267507e-04
-8.615577999999999884e+04 -2.708315170633704958e-04
-8.605577999999999884e+04 -2.689577283043458750e-04
-8.595577999999999884e+04 -2.670819659647633232e-04
-8.585577999999999884e+04 -2.652043246298634678e-04
-8.575577999999999884e+04 -2.633248986063501935e-04
-8.565577999999999884e+04 -2.614437819230544459e-04
-8.555577999999999884e+04 -2.595610683315825295e-04
-8.545577999999999884e+04 -2.576768513069387112e-04
-8.535577999999999884e+04 -2.557912240482143390e-04
-8.525577999999999884e+04 -2.539042794792086021e-04
-8.515577999999999884e+04 -2.520161102491002485e-04
-8.505577999999999884e+04 -2.501268087330706211e-04
-8.495577999999999884e+04 -2.482364670329688708e-04
-8.485577999999999884e+04 -2.463451769779668684e-04
-8.475577999999999884e+04 -2.444530301251950891e-04
-8.465577999999999884e+04 -2.425601177603948686e-04
-8.455577999999999884e+04 -2.406665308985713370e-04
-8.445577999999999884e+04 -2.387723602846483035e-04
-8.435577999999999884e+04 -2.368776963941057680e-04
-8.425577999999999884e+04 -2.349826294336349681e-04
-8.415577999999999884e+04 -2.330872493417823689e-04
-8.405577999999999884e+04 -2.311916457896067431e-04
-8.395577999999999884e+04 -2.292959081813296385e-04
-8.385577999999999884e+04 -2.274001256549795834e-04
-8.375577999999999884e+04 -2.255043870830382717e-04
-8.365577999999999884e+04 -2.236087810730933876e-04
-8.355577999999999884e+04 -2.217133959684890459e-04
-8.345577999999999884e+04 -2.198183198489764756e-04
-8.335577999999999884e+04 -2.179236405313622648e-04
-8.325577999999999884e+04 -2.160294455701504792e-04
-8.315577999999999884e+04 -2.141358222582017757e-04
-8.305577999999999884e+04 -2.122428576273860650e-04
-8.295577999999999884e+04 -2.103506384492073375e-04
-8.285577999999999884e+04 -2.084592512354886348e-04
-8.275577999999999884e+04 -2.065687822389859524e-04
-8.265577999999999884e+04 -2.046793174540712055e-04
-8.255577999999999884e+04 -2.027909426173504141e-04
-8.245577999999999884e+04 -2.009037432083401098e-04
-8.235577999999999884e+04 -1.990178044500942752e-04
-8.225577999999999884e+04 -1.971332113098721046e-04
-8.215577999999999884e+04 -1.952500484997648621e-04
-8.205577999999999884e+04 -1.933684004773701475e-04
-8.195577999999999884e+04 -1.914883514464337975e-04
-8.185577999999999884e+04 -1.896099853574833042e-04
-8.175577999999999884e+04 -1.877333859084913468e-04
-8.165577999999999884e+04 -1.858586365455325740e-04
-8.155577999999999884e+04 -1.839858204634139591e-04
-8.145577999999999884e+04 -1.821150206063339410e-04
-8.135577999999999884e+04 -1.802463196685360352e-04
-8.125577999999999884e+04 -1.783798000949477814e-04
-8.115577999999999884e+04 -1.765155440818376887e-04
-8.105577999999999884e+04 -1.746536335774614198e-04
-8.095577999999999884e+04 -1.727941502827177610e-04
-8.085577999999999884e+04 -1.709371756517831509e-04
-8.075577999999999884e+04 -1.690827908927718245e-04
-8.065577999999999884e+04 -1.672310769683907252e-04
-8.055577999999999884e+04 -1.653821145965706462e-04
-8.045577999999999884e+04 -1.635359842511329874e-04
-8.035577999999999884e+04 -1.616927661624327690e-04
-8.025577999999999884e+04 -1.598525403179995575e-04
-8.015577999999999884e+04 -1.580153864632061742e-04
-8.005577999999999884e+04 -1.561813841018968555e-04
-7.995577999999999884e+04 -1.543506124970495368e-04
-7.985577999999999884e+04 -1.525231506714188939e-04
-7.975577999999999884e+04 -1.506990774081976513e-04
-7.965577999999999884e+04 -1.488784712516435767e-04
-7.955577999999999884e+04 -1.470614105077535836e-04
-7.945577999999999884e+04 -1.452479732448928667e-04
-7.935577999999999884e+04 -1.434382372944550997e-04
-7.925577999999999884e+04 -1.416322802515097585e-04
-7.915577999999999884e+04 -1.398301794754506361e-04
-7.905577999999999884e+04 -1.380320120906515687e-04
-7.895577999999999884e+04 -1.362378549870968717e-04
-7.885577999999999884e+04 -1.344477848210520819e-04
-7.875577999999999884e+04 -1.326618780157048829e-04
-7.865577999999999884e+04 -1.308802107618114801e-04
-7.855577999999999884e+04 -1.291028590183417274e-04
-7.845577999999999884e+04 -1.273298985131500320e-04
-7.835577999999999884e+04 -1.255614047436002341e-04
-7.825577999999999884e+04 -1.237974529772204379e-04
-7.815577999999999884e+04 -1.220381182523707313e-04
-7.805577999999999884e+04 -1.202834753788615467e-04
-7.795577999999999884e+04 -1.185335989386289022e-04
-7.785577999999999884e+04 -1.167885632863710591e-04
-7.775577999999999884e+04 -1.150484425502054393e-04
-7.765577999999999884e+04 -1.133133106323095789e-04
-7.755577999999999884e+04 -1.115832412095695762e-04
-7.745577999999999884e+04 -1.098583077342455474e-04
-7.735577999999999884e+04 -1.081385834345987564e-04
-7.725577999999999884e+04 -1.064241413155602562e-04
-7.715577999999999884e+04 -1.047150541593632898e-04
-7.705577999999999884e+04 -1.030113945262067278e-04
-7.695577999999999884e+04 -1.013132347548959395e-04
-7.685577999999999884e+04 -9.962064696349765198e-05
-7.675577999999999884e+04 -9.793370304998301652e-05
-7.665577999999999884e+04 -9.625247469288029901e-05
-7.655577999999999884e+04 -9.457703335192330031e-05
-7.645577999999999884e+04 -9.290745026870407314e-05
-7.635577999999999884e+04 -9.124379646731914720e-05
-7.625577999999999884e+04 -8.958614275502013182e-05
-7.615577999999999884e+04 -8.793455972285461495e-05
-7.605577999999999884e+04 -8.628911774632957294e-05
-7.595577999999999884e+04 -8.464988698605873405e-05
-7.585577999999999884e+04 -8.301693738839596942e-05
-7.575577999999999884e+04 -8.139033868609872992e-05
-7.565577999999999884e+04 -7.977016039898069517e-05
-7.555577999999999884e+04 -7.815647183454958258e-05
-7.545577999999999884e+04 -7.654934208866078578e-05
-7.535577999999999884e+04 -7.494884004617341174e-05
-7.525577999999999884e+04 -7.335503438158359041e-05
-7.515577999999999884e+04 -7.176799355969010706e-05
-7.505577999999999884e+04 -7.018778583624172521e-05
-7.495577999999999884e+04 -6.861447925857164817e-05
-7.485577999999999884e+04 -6.704814166627061887e-05
-7.475577999999999884e+04 -6.548884069180530812e-05
-7.465577999999999884e+04 -6.393664376119779765e-05
-7.455577999999999884e+04 -6.239161809466542202e-05
-7.445577999999999884e+04 -6.085383070725423411e-05
-7.435577999999999884e+04 -5.932334840951197612e-05
-7.425577999999999884e+04 -5.780023780811728958e-05
-7.415577999999999884e+04 -5.628456530654629637e-05
-7.405577999999999884e+04 -5.477639710570924225e-05
-7.395577999999999884e+04 -5.327579920460961721e-05
-7.385577999999999884e+04 -5.178283740097653677e-05
-7.375577999999999884e+04 -5.029757729193667622e-05
-7.365577999999999884e+04 -4.882008427464878643e-05
-7.355577999999999884e+04 -4.735042354695210773e-05
-7.345577999999999884e+04 -4.588866010803298480e-05
-7.335577999999999884e+04 -4.443485875904330243e-05
-7.325577999999999884e+04 -4.298908410378317368e-05
-7.315577999999999884e+04 -4.155140054932791372e-05
-7.305577999999999884e+04 -4.012187230668720763e-05
-7.295577999999999884e+04 -3.870056339144599584e-05
-7.285577999999999884e+04 -3.728753762442787035e-05
-7.275577999999999884e+04 -3.588285863232746953e-05
-7.265577999999999884e+04 -3.448658984837279010e-05
-7.255577999999999884e+04 -3.309879451297574235e-05
-7.245577999999999884e+04 -3.171953567435593907e-05
-7.235577999999999884e+04 -3.034887618923194557e-05
-7.225577999999999884e+04 -2.898687872343543956e-05
-7.215577999999999884e+04 -2.763360575257566446e-05
-7.205577999999999884e+04 -2.628911956269214961e-05
-7.195577999999999884e+04 -2.495348225088491630e-05
-7.185577999999999884e+04 -2.362675572599180263e-05
-7.175577999999999884e+04 -2.230900170921118177e-05
-7.165577999999999884e+04 -2.100028173477285609e-05
-7.155577999999999884e+04 -1.970065715056936104e-05
-7.145577999999999884e+04 -1.841018911881827370e-05
-7.135577999999999884e+04 -1.712893861670422311e-05
-7.125577999999999884e+04 -1.585696643703479874e-05
-7.115577999999999884e+04 -1.459433318888252858e-05
-7.105577999999999884e+04 -1.334109929823545636e-05
-7.095577999999999884e+04 -1.209732500864875553e-05
-7.085577999999999884e+04 -1.086307038189742743e-05
-7.075577999999999884e+04 -9.638395298620441051e-06
-7.065577999999999884e+04 -8.423359458971283153e-06
-7.055577999999999884e+04 -7.218022383262103075e-06
-7.045577999999999884e+04 -6.022443412624959189e-06
-7.035577999999999884e+04 -4.836681709651683679e-06
-7.025577999999999884e+04 -3.660796259047642473e-06
-7.015577999999999884e+04 -2.494845868274804774e-06
-7.005577999999999884e+04 -1.338889168210859210e-06
-6.995577999999999884e+04 -1.929846137858583249e-07
-6.985577999999999884e+04 9.428095153501035961e-07
-6.975577999999999884e+04 2.068435114196665032e-06
-6.965577999999999884e+04 3.183834251746220949e-06
-6.955577999999999884e+04 4.288949170330156490e-06
-6.945577999999999884e+04 5.383722284982200516e-06
-6.935577999999999884e+04 6.468096182764331062e-06
-6.925577999999999884e+04 7.542013622155804542e-06
-6.915577999999999884e+04 8.605417532361945947e-06
-6.905577999999999884e+04 9.658251012695686890e-06
-6.895577999999999884e+04 1.070045733191738474e-05
-6.885577999999999884e+04 1.173197992757463160e-05
-6.875577999999999884e+04 1.275276240538272845e-05
-6.865577999999999884e+04 1.376274853853882398e-05
-6.855577999999999884e+04 1.476188226710238448e-05
-6.845577999999999884e+04 1.575010769732430483e-05
-6.835577999999999884e+04 1.672736910101240625e-05
-6.825577999999999884e+04 1.769361091488088619e-05
-6.815577999999999884e+04 1.864877773988690184e-05
-6.805577999999999884e+04 1.959281434060037249e-05
-6.795577999999999884e+04 2.052566564453841495e-05
-6.785577999999999884e+04 2.144727674153299956e-05
-6.775577999999999884e+04 2.235759288306326124e-05
-6.765577999999999884e+04 2.325655948161671802e-05
-6.755577999999999884e+04 2.414412211004085383e-05
-6.745577999999999884e+04 2.502022650088720661e-05
-6.735577999999999884e+04 2.588481854576938856e-05
-6.725577999999999884e+04 2.673784429471358121e-05
-6.715577999999999884e+04 2.757924995549942862e-05
-6.705577999999999884e+04 2.840898189301696998e-05
-6.695577999999999884e+04 2.922698662862464620e-05
-6.685577999999999884e+04 3.003321083948696423e-05
-6.675577999999999884e+04 3.082760135793678963e-05
-6.665577999999999884e+04 3.161010517081836753e-05
-6.655577999999999884e+04 3.238066941883142093e-05
-6.645577999999999884e+04 3.313924139590948277e-05
-6.635577999999999884e+04 3.388576854853507991e-05
-6.625577999999999884e+04 3.462019847511916973e-05
-6.615577999999999884e+04 3.534247892532809451e-05
-6.605577999999999884e+04 3.605255779945336857e-05
-6.595577999999999884e+04 3.675038314775680665e-05
-6.585577999999999884e+04 3.743590316981359898e-05
-6.575577999999999884e+04 3.810906621387670458e-05
-6.565577999999999884e+04 3.876982077621131373e-05
-6.555577999999999884e+04 3.941811550045927514e-05
-6.545577999999999884e+04 4.005389917698213035e-05
-6.535577999999999884e+04 4.067712074221911705e-05
-6.525577999999999884e+04 4.128772927802375247e-05
-6.515577999999999884e+04 4.188567401103254317e-05
-6.505577999999999884e+04 4.247090431200483464e-05
-6.495577999999999884e+04 4.304336969517434322e-05
-6.485577999999999884e+04 4.360301981760076928e-05
-6.475577999999999884e+04 4.414980447852030597e-05
-6.465577999999999884e+04 4.468367361869829592e-05
-6.455577999999999884e+04 4.520457731978079708e-05
-6.445577999999999884e+04 4.571246580363977878e-05
-6.435577999999999884e+04 4.620728943172894981e-05
-6.425577999999999884e+04 4.668899870442895451e-05
-6.415577999999999884e+04 4.715754426040428502e-05
-6.405577999999999884e+04 4.761287687595701547e-05
-6.395577999999999884e+04 4.805494746436232158e-05
-6.385577999999999884e+04 4.848370707523506266e-05
-6.375577999999999884e+04 4.889910689386959056e-05
-6.365577999999999884e+04 4.930109824060202871e-05
-6.355577999999999884e+04 4.968963257014793984e-05
-6.345577999999999884e+04 5.006466147096034271e-05
-6.335577999999999884e+04 5.042613666458130507e-05
-6.325577999999999884e+04 5.077401000498599448e-05
-6.315577999999999884e+04 5.110823347794608233e-05
-6.305577999999999884e+04 5.142875920036632043e-05
-6.295577999999999884e+04 5.173553941964040303e-05
-6.285577999999999884e+04 5.202852651300578517e-05
-6.275577999999999884e+04 5.230767298688667648e-05
-6.265577999999999884e+04 5.257293147625846836e-05
-6.255577999999999884e+04 5.282425474398009580e-05
-6.245577999999999884e+04 5.306159568015519836e-05
-6.235577999999999884e+04 5.328490730148266273e-05
-6.225577999999999884e+04 5.349414275061142084e-05
-6.215577999999999884e+04 5.368925529547809714e-05
-6.205577999999999884e+04 5.387019832866612318e-05
-6.195577999999999884e+04 5.403692536676049500e-05
-6.185577999999999884e+04 5.418939004968866631e-05
-6.175577999999999884e+04 5.432754614008284788e-05
-6.165577999999999884e+04 5.445134752261765487e-05
-6.155577999999999884e+04 5.456074820337134234e-05
-6.145577999999999884e+04 5.465570230916883297e-05
-6.135577999999999884e+04 5.473616408693862250e-05
-6.125577999999999884e+04 5.480208790306438622e-05
-6.115577999999999884e+04 5.485342824272479466e-05
-6.105577999999999884e+04 5.489013970926113242e-05
-6.095577999999999884e+04 5.491217702350427958e-05
-6.085577999999999884e+04 5.491949502315839705e-05
-6.075577999999999884e+04 5.491204866211613767e-05
-6.065577999999999884e+04 5.488979300983695111e-05
-6.055577999999999884e+04 5.485268325068158032e-05
-6.045577999999999884e+04 5.480067468327005789e-05
-6.035577999999999884e+04 5.473372271983113741e-05
-6.025577999999999884e+04 5.465178288555173821e-05
-6.015577999999999884e+04 5.455481081792855184e-05
-6.005577999999999884e+04 5.444276226611745301e-05
-5.995577999999999884e+04 5.431559309028403536e-05
-5.985577999999999884e+04 5.417325926096162148e-05
-5.975577999999999884e+04 5.401571685839210866e-05
-5.965577999999999884e+04 5.384292207187867986e-05
-5.955577999999999884e+04 5.365483119913626493e-05
-5.945577999999999884e+04 5.345140064565384683e-05
-5.935577999999999884e+04 5.323258692402786700e-05
-5.925577999999999884e+04 5.299834665332342021e-05
-5.915577999999999884e+04 5.274863655841834613e-05
-5.905577999999999884e+04 5.248341346936232356e-05
-5.895577999999999884e+04 5.220263432072308972e-05
-5.885577999999999884e+04 5.190625615093374381e-05
-5.875577999999999884e+04 5.159423610165076373e-05
-5.865577999999999884e+04 5.126653141709699996e-05
-5.855577999999999884e+04 5.092309944341650744e-05
-5.845577999999999884e+04 5.056389762802930983e-05
-5.835577999999999884e+04 5.018888351897337003e-05
-5.825577999999999884e+04 4.979801476426152281e-05
-5.815577999999999884e+04 4.939124911122663025e-05
-5.805577999999999884e+04 4.896854440588172626e-05
-5.795577999999999884e+04 4.852985859226197361e-05
-5.785577999999999884e+04 4.807514971177839140e-05
-5.775577999999999884e+04 4.760437590256729303e-05
-5.765577999999999884e+04 4.711749539884615496e-05
-5.755577999999999884e+04 4.661446653025450308e-05
-5.745577999999999884e+04 4.609524772121831955e-05
-5.735577999999999884e+04 4.555979749028130684e-05
-5.725577999999999884e+04 4.500807444948002142e-05
-5.715577999999999884e+04 4.444003730367512427e-05
-5.705577999999999884e+04 4.385564484990615863e-05
-5.695577999999999884e+04 4.325485597675170132e-05
-5.685577999999999884e+04 4.263762966366812135e-05
-5.675577999999999884e+04 4.200392498034863354e-05
-5.665577999999999884e+04 4.135370108606526904e-05
-5.655577999999999884e+04 4.068691722903328221e-05
-5.645577999999999884e+04 4.000353274574562661e-05
-5.635577999999999884e+04 3.930350706033630475e-05
-5.625577999999999884e+04 3.858679968392553705e-05
-5.615577999999999884e+04 3.785337021396919312e-05
-5.605577999999999884e+04 3.710317833361680855e-05
-5.595577999999999884e+04 3.633618381104925259e-05
-5.585577999999999884e+04 3.555234649884529653e-05
-5.575577999999999884e+04 3.475162633332140919e-05
-5.565577999999999884e+04 3.393398333387909427e-05
-5.555577999999999884e+04 3.309937760237463686e-05
-5.545577999999999884e+04 3.224776932244607816e-05
-5.535577999999999884e+04 3.137911875888194557e-05
-5.525577999999999884e+04 3.049338625695568127e-05
-5.515577999999999884e+04 2.959053224179864134e-05
-5.505577999999999884e+04 2.867051721772815470e-05
-5.495577999999999884e+04 2.773330176760871116e-05
-5.485577999999999884e+04 2.677884655220569903e-05
-5.475577999999999884e+04 2.580711230952842603e-05
-5.465577999999999884e+04 2.481805985419027058e-05
-5.455577999999999884e+04 2.381165007674206012e-05
-5.445577999999999884e+04 2.278784394305041330e-05
-5.435577999999999884e+04 2.174660249361830432e-05
-5.425577999999999884e+04 2.068788684295588354e-05
-5.415577999999999884e+04 1.961165817892780125e-05
-5.405577999999999884e+04 1.851787776209729591e-05
-5.395577999999999884e+04 1.740650692508204588e-05
-5.385577999999999884e+04 1.627750707190363458e-05
-5.375577999999999884e+04 1.513083967733965669e-05
-5.365577999999999884e+04 1.396646628626941060e-05
-5.355577999999999884e+04 1.278434851303405988e-05
-5.345577999999999884e+04 1.158444804077643210e-05
-5.335577999999999884e+04 1.036672662079902714e-05
-5.325577999999999884e+04 9.131146071915603293e-06
-5.315577999999999884e+04 7.877668279792060299e-06
-5.305577999999999884e+04 6.606255196311395001e-06
-5.295577999999999884e+04 5.316868838911913669e-06
-5.285577999999999884e+04 4.009471289943094781e-06
-5.275577999999999884e+04 2.684024696019846257e-06
-5.265577999999999884e+04 1.340491267366065933e-06
-5.255577999999999884e+04 -2.116672282895973671e-08
-5.245577999999999884e+04 -1.400986939064323008e-06
-5.235577999999999884e+04 -2.799006984169489744e-06
-5.225577999999999884e+04 -4.215264399965556822e-06
-5.215577999999999884e+04 -5.649796667903501643e-06
-5.205577999999999884e+04 -7.102641209718485815e-06
-5.195577999999999884e+04 -8.573835388076665815e-06
-5.185577999999999884e+04 -1.006341650722735034e-05
-5.175577999999999884e+04 -1.157142181365356057e-05
-5.165577999999999884e+04 -1.309788849671188988e-05
-5.155577999999999884e+04 -1.464285368929588815e-05
-5.145577999999999884e+04 -1.620635446847593084e-05
-5.135577999999999884e+04 -1.778842785614762943e-05
-5.125577999999999884e+04 -1.938911081968827183e-05
-5.115577999999999884e+04 -2.100844027259881743e-05
-5.105577999999999884e+04 -2.264645307515981062e-05
-5.095577999999999884e+04 -2.430318603507336739e-05
-5.085577999999999884e+04 -2.597867590811909054e-05
-5.075577999999999884e+04 -2.767295939880194146e-05
-5.065577999999999884e+04 -2.938607316099531771e-05
-5.055577999999999884e+04 -3.111805379860123051e-05
-5.045577999999999884e+04 -3.286893786618855082e-05
-5.035577999999999884e+04 -3.463876186965107604e-05
-5.025577999999999884e+04 -3.642756226684950303e-05
-5.015577999999999884e+04 -3.823537546826788881e-05
-5.005577999999999884e+04 -4.006223783766098029e-05
-4.995577999999999884e+04 -4.190818569269354112e-05
-4.985577999999999884e+04 -4.377325530560804409e-05
-4.975577999999999884e+04 -4.565748290385593426e-05
-4.965577999999999884e+04 -4.756090467076265829e-05
-4.955577999999999884e+04 -4.948355674616162451e-05
-4.945577999999999884e+04 -5.142547522705599993e-05
-4.935577999999999884e+04 -5.338669616826229947e-05
-4.925577999999999884e+04 -5.536725558305934867e-05
-4.915577999999999884e+04 -5.736718944384205086e-05
-4.905577999999999884e+04 -5.938653368275962984e-05
-4.895577999999999884e+04 -6.142532419238383727e-05
-4.885577999999999884e+04 -6.348359682633546565e-05
-4.875577999999999884e+04 -6.556138739995677727e-05
-4.865577999999999884e+04 -6.765873169093805791e-05
-4.855577999999999884e+04 -6.977566543998684737e-05
-4.845577999999999884e+04 -7.191222435146461009e-05
-4.835577999999999884e+04 -7.406844409403942489e-05
-4.825577999999999884e+04 -7.624436030133920322e-05
-4.815577999999999884e+04 -7.844000857259368588e-05
-4.805577999999999884e+04 -8.065542447328987038e-05
-4.795577999999999884e+04 -8.289064353581820899e-05
-4.785577999999999884e+04 -8.514570126012318424e-05
-4.775577999999999884e+04 -8.742063311435178377e-05
-4.765577999999999884e+04 -8.971547453550342537e-05
-4.755577999999999884e+04 -9.203026093008060023e-05
-4.745577999999999884e+04 -9.436502767473351242e-05
-4.735577999999999884e+04 -9.671981011691486931e-05
-4.725577999999999884e+04 -9.909464357552357232e-05
-4.715577999999999884e+04 -1.014895633415626922e-04
-4.705577999999999884e+04 -1.039046046787772101e-04
-4.695577999999999884e+04 -1.063398028243147308e-04
-4.685577999999999884e+04 -1.087951929893659069e-04
-4.675577999999999884e+04 -1.112708103598175895e-04
-4.665577999999999884e+04 -1.137666900969035123e-04
-4.655577999999999884e+04 -1.162828673378482939e-04
-4.645577999999999884e+04 -1.188193771965250200e-04
-4.635577999999999884e+04 -1.213762547640977960e-04
-4.625577999999999884e+04 -1.239535351096711705e-04
-4.615577999999999884e+04 -1.265512532809444780e-04
-4.605577999999999884e+04 -1.291694443048548664e-04
-4.595577999999999884e+04 -1.318081431882322087e-04
-4.585577999999999884e+04 -1.344673849184431871e-04
-4.575577999999999884e+04 -1.371472044640465848e-04
-4.565577999999999884e+04 -1.398476367754387115e-04
-4.555577999999999884e+04 -1.425687167854983411e-04
-4.545577999999999884e+04 -1.453104794102482106e-04
-4.535577999999999884e+04 -1.480729595494914737e-04
-4.525577999999999884e+04 -1.508561920874698929e-04
-4.515577999999999884e+04 -1.536602118935057146e-04
-4.505577999999999884e+04 -1.564850538226608635e-04
-4.495577999999999884e+04 -1.593307527163773541e-04
-4.485577999999999884e+04 -1.621973434031272426e-04
-4.475577999999999884e+04 -1.650848606990685424e-04
-4.465577999999999884e+04 -1.679933394086872609e-04
-4.455577999999999884e+04 -1.709228143254521771e-04
-4.445577999999999884e+04 -1.738733202324585590e-04
-4.435577999999999884e+04 -1.768448919030834012e-04
-4.425577999999999884e+04 -1.798375641016317723e-04
-4.415577999999999884e+04 -1.828513715839830264e-04
-4.405577999999999884e+04 -1.858863490982479107e-04
-4.395577999999999884e+04 -1.889425313854088142e-04
-4.385577999999999884e+04 -1.920199531799784477e-04
-4.375577999999999884e+04 -1.951186492106390892e-04
-4.365577999999999884e+04 -1.982386542008985264e-04
-4.355577999999999884e+04 -2.013800028697417433e-04
-4.345577999999999884e+04 -2.045427299322701118e-04
-4.335577999999999884e+04 -2.077268701003611286e-04
-4.325577999999999884e+04 -2.109324580833114827e-04
-4.315577999999999884e+04 -2.141595285884897450e-04
-4.305577999999999884e+04 -2.174081163219820922e-04
-4.295577999999999884e+04 -2.206782559892454842e-04
-4.285577999999999884e+04 -2.239699822957562337e-04
-4.275577999999999884e+04 -2.272833299476550528e-04
-4.265577999999999884e+04 -2.306183336524014499e-04
-4.255577999999999884e+04 -2.339750281194210527e-04
-4.245577999999999884e+04 -2.373534480607555875e-04
-4.235577999999999884e+04 -2.407536281917081690e-04
-4.225577999999999884e+04 -2.441756032315018179e-04
-4.215577999999999884e+04 -2.476194079039182455e-04
-4.205577999999999884e+04 -2.510850769379532541e-04
-4.195577999999999884e+04 -2.545726450684667429e-04
-4.185577999999999884e+04 -2.580821470368236618e-04
-4.175577999999999884e+04 -2.616136175915584100e-04
-4.165577999999999884e+04 -2.651670914890061673e-04
-4.155577999999999884e+04 -2.687426034939675097e-04
-4.145577999999999884e+04 -2.723401883803495526e-04
-4.135577999999999884e+04 -2.759598809318172309e-04
-4.125577999999999884e+04 -2.796017159424419229e-04
-4.115577999999999884e+04 -2.832657282173509420e-04
-4.105577999999999884e+04 -2.869519525733802258e-04
-4.095577999999999884e+04 -2.906604238397165639e-04
-4.085577999999999884e+04 -2.943911768585514795e-04
-4.075577999999999884e+04 -2.981442464857349500e-04
-4.065577999999999884e+04 -3.019196675914126459e-04
-4.055577999999999884e+04 -3.057174750606886501e-04
-4.045577999999999884e+04 -3.095377037942617757e-04
-4.035577999999999884e+04 -3.133803887090888269e-04
-4.025577999999999884e+04 -3.172455647390201583e-04
-4.015577999999999884e+04 -3.211332668354594660e-04
-4.005577999999999884e+04 -3.250435299680082377e-04
-3.995577999999999884e+04 -3.289763891251138339e-04
-3.985577999999999884e+04 -3.329318793147237505e-04
-3.975577999999999884e+04 -3.369100355649280623e-04
-3.965577999999999884e+04 -3.409108929246175337e-04
-3.955577999999999884e+04 -3.449344864641229729e-04
-3.945577999999999884e+04 -3.489808512758720417e-04
-3.935577999999999884e+04 -3.530500224750379333e-04
-3.925577999999999884e+04 -3.571420352001817081e-04
-3.915577999999999884e+04 -3.612569246139109465e-04
-3.905577999999999884e+04 -3.653947259035216508e-04
-3.895577999999999884e+04 -3.695554742816554885e-04
-3.885577999999999884e+04 -3.737392049869375744e-04
-3.875577999999999884e+04 -3.779459532846361530e-04
-3.865577999999999884e+04 -3.821757544673100304e-04
-3.855577999999999884e+04 -3.864286438554502046e-04
-3.845577999999999884e+04 -3.907046567981411751e-04
-3.835577999999999884e+04 -3.950038286736997002e-04
-3.825577999999999884e+04 -3.993261948903305226e-04
-3.815577999999999884e+04 -4.036717908867719037e-04
-3.805577999999999884e+04 -4.080406521329474996e-04
-3.795577999999999884e+04 -4.124328141306154191e-04
-3.785577999999999884e+04 -4.168483124140156550e-04
-3.775577999999999884e+04 -4.212871825505215811e-04
-3.765577999999999884e+04 -4.257494601412846187e-04
-3.755577999999999884e+04 -4.302351808218945160e-04
-3.745577999999999884e+04 -4.347443802630117089e-04
-3.735577999999999884e+04 -4.392770941710344304e-04
-3.725577999999999884e+04 -4.438333582887357340e-04
-3.715577999999999884e+04 -4.484132083959149902e-04
-3.705577999999999884e+04 -4.530166803100548595e-04
-3.695577999999999884e+04 -4.576438098869579354e-04
-3.685577999999999884e+04 -4.622946330214081621e-04
-3.675577999999999884e+04 -4.669691856478102969e-04
-3.665577999999999884e+04 -4.716675037408463948e-04
-3.655577999999999884e+04 -4.763896233161235105e-04
-3.645577999999999884e+04 -4.811355804308176066e-04
-3.635577999999999884e+04 -4.859054111843317180e-04
-3.625577999999999884e+04 -4.906991517189362821e-04
-3.615577999999999884e+04 -4.955168382204273034e-04
-3.605577999999999884e+04 -5.003585069187653283e-04
-3.595577999999999884e+04 -5.052241940887362663e-04
-3.585577999999999884e+04 -5.101139360505931291e-04
-3.575577999999999884e+04 -5.150277691707041668e-04
-3.565577999999999884e+04 -5.199657298622097860e-04
-3.555577999999999884e+04 -5.249278545856625542e-04
-3.545577999999999884e+04 -5.299141798496849855e-04
-3.535577999999999884e+04 -5.349247422116129060e-04
-3.525577999999999884e+04 -5.399595782781456497e-04
-3.515577999999999884e+04 -5.450187247060014591e-04
-3.505577999999999884e+04 -5.501022182025558632e-04
-3.495577999999999884e+04 -5.552100955265011975e-04
-3.485577999999999884e+04 -5.603423934884882354e-04
-3.475577999999999884e+04 -5.654991489517814792e-04
-3.465577999999999884e+04 -5.706803988329049119e-04
-3.455577999999999884e+04 -5.758861801022928427e-04
-3.445577999999999884e+04 -5.811165297849369598e-04
-3.435577999999999884e+04 -5.863714849610384772e-04
-3.425577999999999884e+04 -5.916510827666586567e-04
-3.415577999999999884e+04 -5.969553603943591373e-04
-3.405577999999999884e+04 -6.022843550938647081e-04
-3.395577999999999884e+04 -6.076381041727007106e-04
-3.385577999999999884e+04 -6.130166449968515834e-04
-3.375577999999999884e+04 -6.184200149914003243e-04
-3.365577999999999884e+04 -6.238482516411879026e-04
-3.355577999999999884e+04 -6.293013924914580334e-04
-3.345577999999999884e+04 -6.347794751485017362e-04
-3.335577999999999884e+04 -6.402825372803176143e-04
-3.325577999999999884e+04 -6.458106166172482808e-04
-3.315577999999999884e+04 -6.513637509526421562e-04
-3.305577999999999884e+04 -6.569419781434927136e-04
-3.295577999999999884e+04 -6.625453361110922529e-04
-3.285577999999999884e+04 -6.681738628416850241e-04
-3.275577999999999884e+04 -6.738275963871065812e-04
-3.265577999999999884e+04 -6.795065748654413509e-04
-3.255577999999999884e+04 -6.852108364616694676e-04
-3.245577999999999884e+04 -6.909404194283161023e-04
-3.235577999999999884e+04 -6.966953620860995983e-04
-3.225577999999999884e+04 -7.024757028245826431e-04
-3.215577999999999884e+04 -7.082814801028213805e-04
-3.205577999999999884e+04 -7.141127324500115949e-04
-3.195577999999999884e+04 -7.199694984661436778e-04
-3.185577999999999884e+04 -7.258518168226451260e-04
-3.175577999999999884e+04 -7.317597262630373516e-04
-3.165577999999999884e+04 -7.376932656035762280e-04
-3.155577999999999884e+04 -7.436524737339106350e-04
-3.145577999999999884e+04 -7.496373896177256071e-04
-3.135577999999999884e+04 -7.556480522933928549e-04
-3.125577999999999884e+04 -7.616845008746205275e-04
-3.115577999999999884e+04 -7.677467745511025411e-04
-3.105577999999999884e+04 -7.738349125891695341e-04
-3.095577999999999884e+04 -7.799489543324328832e-04
-3.085577999999999884e+04 -7.860889392024407538e-04
-3.075577999999999884e+04 -7.922549066993242852e-04
-3.065577999999999884e+04 -7.984468964024434489e-04
-3.055577999999999884e+04 -8.046649479710439676e-04
-3.045577999999999884e+04 -8.109091011448981865e-04
-3.035577999999999884e+04 -8.171793957449624253e-04
-3.025577999999999884e+04 -8.234758716740190427e-04
-3.015577999999999884e+04 -8.297985689173310777e-04
-3.005577999999999884e+04 -8.361475275432904940e-04
-2.995577999999999884e+04 -8.425227877040625214e-04
-2.985577999999999884e+04 -8.489243896362436582e-04
-2.975577999999999884e+04 -8.553523736615021092e-04
-2.965577999999999884e+04 -8.618067801872348124e-04
-2.955577999999999884e+04 -8.682876497072095036e-04
-2.945577999999999884e+04 -8.747950228022197908e-04
-2.935577999999999884e+04 -8.813289401407344839e-04
-2.925577999999999884e+04 -8.878894424795388991e-04
-2.915577999999999884e+04 -8.944765706643968738e-04
-2.905577999999999884e+04 -9.010903656306853493e-04
-2.895577999999999884e+04 -9.077308684040599632e-04
-2.885577999999999884e+04 -9.143981201010875724e-04
-2.875577999999999884e+04 -9.210921619299102187e-04
-2.865577999999999884e+04 -9.278130351908855673e-04
-2.855577999999999884e+04 -9.345607812772371023e-04
-2.845577999999999884e+04 -9.413354416757074676e-04
-2.835577999999999884e+04 -9.481370579672046507e-04
-2.825577999999999884e+04 -9.549656718274507697e-04
-2.815577999999999884e+04 -9.618213250276338956e-04
-2.805577999999999884e+04 -9.687040594350545620e-04
-2.795577999999999884e+04 -9.756139170137778042e-04
-2.785577999999999884e+04 -9.825509398252790186e-04
-2.775577999999999884e+04 -9.895151700290984956e-04
-2.765577999999999884e+04 -9.965066498834847849e-04
-2.755577999999999884e+04 -1.003525421746047927e-03
-2.745577999999999884e+04 -1.010571528074407158e-03
-2.735577999999999884e+04 -1.017645011426841209e-03
-2.725577999999999884e+04 -1.024745914462935363e-03
-2.715577999999999884e+04 -1.031874279944234793e-03
-2.705577999999999884e+04 -1.039030150734889229e-03
-2.695577999999999884e+04 -1.046213569802306731e-03
-2.685577999999999884e+04 -1.053424580217799007e-03
-2.675577999999999884e+04 -1.060663225157231935e-03
-2.665577999999999884e+04 -1.067929547901676950e-03
-2.655577999999999884e+04 -1.075223591838058530e-03
-2.645577999999999884e+04 -1.082545400459802767e-03
-2.635577999999999884e+04 -1.089895017367486585e-03
-2.625577999999999884e+04 -1.097272486269491951e-03
-2.615577999999999884e+04 -1.104677850982647286e-03
-2.605577999999999884e+04 -1.112111155432882756e-03
-2.595577999999999884e+04 -1.119572443655876678e-03
-2.585577999999999884e+04 -1.127061759797706470e-03
-2.575577999999999884e+04 -1.134579148115495489e-03
-2.565577999999999884e+04 -1.142124652978065936e-03
-2.555577999999999884e+04 -1.149698318866586560e-03
-2.545577999999999884e+04 -1.157300190375217972e-03
-2.535577999999999884e+04 -1.164930312211769460e-03
-2.525577999999999884e+04 -1.172588729198343433e-03
-2.515577999999999884e+04 -1.180275486271983778e-03
-2.505577999999999884e+04 -1.187990628485329847e-03
-2.495577999999999884e+04 -1.195734201007259394e-03
-2.485577999999999884e+04 -1.203506249123546031e-03
-2.475577999999999884e+04 -1.211306818237499559e-03
-2.465577999999999884e+04 -1.219135953870622560e-03
-2.455577999999999884e+04 -1.226993701663255066e-03
-2.445577999999999884e+04 -1.234880107375226597e-03
-2.435577999999999884e+04 -1.242795216886502995e-03
-2.425577999999999884e+04 -1.250739076197838031e-03
-2.415577999999999884e+04 -1.258711731431422839e-03
-2.405577999999999884e+04 -1.266713228831532539e-03
-2.395577999999999884e+04 -1.274743614765176756e-03
-2.385577999999999884e+04 -1.282802935722751007e-03
-2.375577999999999884e+04 -1.290891238318683755e-03
-2.365577999999999884e+04 -1.299008569292085845e-03
-2.355577999999999884e+04 -1.307154975507399510e-03
-2.345577999999999884e+04 -1.315330503955049104e-03
-2.335577999999999884e+04 -1.323535201752090544e-03
-2.325577999999999884e+04 -1.331769116142858143e-03
-2.315577999999999884e+04 -1.340032294499616649e-03
-2.305577999999999884e+04 -1.348324784323208080e-03
-2.295577999999999884e+04 -1.356646633243703765e-03
-2.285577999999999884e+04 -1.364997889021050308e-03
-2.275577999999999884e+04 -1.373378599545722499e-03
-2.265577999999999884e+04 -1.381788812839369928e-03
-2.255577999999999884e+04 -1.390228577055468160e-03
-2.245577999999999884e+04 -1.398697940479965785e-03
-2.235577999999999884e+04 -1.407196951531935157e-03
-2.225577999999999884e+04 -1.415725658764221831e-03
-2.215577999999999884e+04 -1.424284110864094000e-03
-2.205577999999999884e+04 -1.432872356653890414e-03
-2.195577999999999884e+04 -1.441490445091672202e-03
-2.185577999999999884e+04 -1.450138425271868623e-03
-2.175577999999999884e+04 -1.458816346425928674e-03
-2.165577999999999884e+04 -1.467524257922971608e-03
-2.155577999999999884e+04 -1.476262209270432467e-03
-2.145577999999999884e+04 -1.485030250114714994e-03
-2.135577999999999884e+04 -1.493828430241837812e-03
-2.125577999999999884e+04 -1.502656799578088202e-03
-2.115577999999999884e+04 -1.511515408190666982e-03
-2.105577999999999884e+04 -1.520404306288337514e-03
-2.095577999999999884e+04 -1.529323544222080345e-03
-2.085577999999999884e+04 -1.538273172485736789e-03
-2.075577999999999884e+04 -1.547253241716660529e-03
-2.065577999999999884e+04 -1.556263802696367929e-03
-2.055577999999999884e+04 -1.565304906351185511e-03
-2.045577999999999884e+04 -1.574376603752900049e-03
-2.035577999999999884e+04 -1.583478946119408438e-03
-2.025577999999999884e+04 -1.592611984815364961e-03
-2.015577999999999884e+04 -1.601775771352832896e-03
-2.005577999999999884e+04 -1.610970357391932652e-03
-1.995577999999999884e+04 -1.620195794741491205e-03
-1.985577999999999884e+04 -1.629452135359692622e-03
-1.975577999999999884e+04 -1.638739431354724243e-03
-1.965577999999999884e+04 -1.648057734985429370e-03
-1.955577999999999884e+04 -1.657407098661954322e-03
-1.945577999999999884e+04 -1.666787574946398736e-03
-1.935577999999999884e+04 -1.676199216553465659e-03
-1.925577999999999884e+04 -1.685642076351108378e-03
-1.915577999999999884e+04 -1.695116207361182245e-03
-1.905577999999999884e+04 -1.704621662760092164e-03
-1.895577999999999884e+04 -1.714158495879442674e-03
-1.885577999999999884e+04 -1.723726760206688042e-03
-1.875577999999999884e+04 -1.733326509385779528e-03
-1.865577999999999884e+04 -1.742957797217817208e-03
-1.855577999999999884e+04 -1.752620677661696161e-03
-1.845577999999999884e+04 -1.762315204834759372e-03
-1.835577999999999884e+04 -1.772041433013444786e-03
-1.825577999999999884e+04 -1.781799416633933226e-03
-1.815577999999999884e+04 -1.791589210292801951e-03
-1.805577999999999884e+04 -1.801410868747669973e-03
-1.795577999999999884e+04 -1.811264446917848795e-03
-1.785577999999999884e+04 -1.821149999884991849e-03
-1.775577999999999884e+04 -1.831067582893745231e-03
-1.765577999999999884e+04 -1.841017251352393457e-03
-1.755577999999999884e+04 -1.850999060833511279e-03
-1.745577999999999884e+04 -1.861013067074613128e-03
-1.735577999999999884e+04 -1.871059325978800597e-03
-1.725577999999999884e+04 -1.881137893615414261e-03
-1.715577999999999884e+04 -1.891248826220679434e-03
-1.705577999999999884e+04 -1.901392180198360586e-03
-1.695577999999999884e+04 -1.911568012120406015e-03
-1.685577999999999884e+04 -1.921776378727597717e-03
-1.675577999999999884e+04 -1.932017336930203855e-03
-1.665577999999999884e+04 -1.942290943808624298e-03
-1.655577999999999884e+04 -1.952597256614042659e-03
-1.645577999999999884e+04 -1.962936332769073776e-03
-1.635577999999999884e+04 -1.973308229868413807e-03
-1.625577999999999884e+04 -1.983713005679490528e-03
-1.615577999999999884e+04 -1.994150718143109739e-03
-1.605577999999999884e+04 -2.004621425374108167e-03
-1.595577999999999884e+04 -2.015125185661999219e-03
-1.585577999999999884e+04 -2.025662057471624804e-03
-1.575577999999999884e+04 -2.036232099443804552e-03
-1.565577999999999884e+04 -2.046835370395982869e-03
-1.555577999999999884e+04 -2.057471929322881622e-03
-1.545577999999999884e+04 -2.068141835397145894e-03
-1.535577999999999884e+04 -2.078845147969995370e-03
-1.525577999999999884e+04 -2.089581926571873992e-03
-1.515577999999999884e+04 -2.100352230913097445e-03
-1.505577999999999884e+04 -2.111156120884504113e-03
-1.495577999999999884e+04 -2.121993656558102993e-03
-1.485577999999999884e+04 -2.132864898187725091e-03
-1.475577999999999884e+04 -2.143769906209670034e-03
-1.465577999999999884e+04 -2.154708741243357463e-03
-1.455577999999999884e+04 -2.165681464091974949e-03
-1.445577999999999884e+04 -2.176688135743128517e-03
-1.435577999999999884e+04 -2.187728817369490562e-03
-1.425577999999999884e+04 -2.198803570329450376e-03
-1.415577999999999884e+04 -2.209912456167763359e-03
-1.405577999999999884e+04 -2.221055536616198516e-03
-1.395577999999999884e+04 -2.232232873594191137e-03
-1.385577999999999884e+04 -2.243444529209488985e-03
-1.375577999999999884e+04 -2.254690565758801519e-03
-1.365577999999999884e+04 -2.265971045728453013e-03
-1.355577999999999884e+04 -2.277286031795027008e-03
-1.345577999999999884e+04 -2.288635586826019003e-03
-1.335577999999999884e+04 -2.300019773880483502e-03
-1.325577999999999884e+04 -2.311438656209685843e-03
-1.315577999999999884e+04 -2.322892297257748810e-03
-1.305577999999999884e+04 -2.334380760662303159e-03
-1.295577999999999884e+04 -2.345904110255137703e-03
-1.285577999999999884e+04 -2.357462410062847232e-03
-1.275577999999999884e+04 -2.369055724307482166e-03
-1.265577999999999884e+04 -2.380684117407198212e-03
-1.255577999999999884e+04 -2.392347653976906012e-03
-1.245577999999999884e+04 -2.404046398828919070e-03
-1.235577999999999884e+04 -2.415780416973604267e-03
-1.225577999999999884e+04 -2.427549773620031517e-03
-1.215577999999999884e+04 -2.439354534176620820e-03
-1.205577999999999884e+04 -2.451194764251793650e-03
-1.195577999999999884e+04 -2.463070529654622174e-03
-1.185577999999999884e+04 -2.474981896395478040e-03
-1.175577999999999884e+04 -2.486928930686681163e-03
-1.165577999999999884e+04 -2.498911698943149379e-03
-1.155577999999999884e+04 -2.510930267783048533e-03
-1.145577999999999884e+04 -2.522984704028439096e-03
-1.135577999999999884e+04 -2.535075074705931894e-03
-1.125577999999999884e+04 -2.547201447047328215e-03
-1.115577999999999884e+04 -2.559363888490275973e-03
-1.105577999999999884e+04 -2.571562466678917625e-03
-1.095577999999999884e+04 -2.583797249464537659e-03
-1.085577999999999884e+04 -2.596068304906212244e-03
-1.075577999999999884e+04 -2.608375701271461924e-03
-1.065577999999999884e+04 -2.620719507036895195e-03
-1.055577999999999884e+04 -2.633099790888862937e-03
-1.045577999999999884e+04 -2.645516621724104157e-03
-1.035577999999999884e+04 -2.657970068650398251e-03
-1.025577999999999884e+04 -2.670460200987210750e-03
-1.015577999999999884e+04 -2.682987088266347315e-03
-1.005577999999999884e+04 -2.695550800232598184e-03
-9.955779999999998836e+03 -2.708151406844390430e-03
-9.855779999999998836e+03 -2.720788978274436744e-03
-9.755779999999998836e+03 -2.733463584910383794e-03
-9.655779999999998836e+03 -2.746175297355462740e-03
-9.555779999999998836e+03 -2.758924186429137591e-03
-9.455779999999998836e+03 -2.771710323167754855e-03
-9.355779999999998836e+03 -2.784533778825194501e-03
-9.255779999999998836e+03 -2.797394624873514399e-03
-9.155779999999998836e+03 -2.810292933003605623e-03
-9.055779999999998836e+03 -2.823228775125837756e-03
-8.955779999999998836e+03 -2.836202223370708989e-03
-8.855779999999998836e+03 -2.849213350089497502e-03
-8.755779999999998836e+03 -2.862262227854906783e-03
-8.655779999999998836e+03 -2.875348929461719622e-03
-8.555779999999998836e+03 -2.888473527927442122e-03
-8.455779999999998836e+03 -2.901636096492958127e-03
-8.355779999999998836e+03 -2.914836708623175839e-03
-8.255779999999998836e+03 -2.928075438007677906e-03
-8.155779999999998836e+03 -2.941352358561367605e-03
-8.055779999999998836e+03 -2.954667544425124571e-03
-7.955779999999998836e+03 -2.968021069966447507e-03
-7.855779999999998836e+03 -2.981413009780109046e-03
-7.755779999999998836e+03 -2.994843438688799767e-03
-7.655779999999998836e+03 -3.008312431743780883e-03
-7.555779999999998836e+03 -3.021820064225533894e-03
-7.455779999999998836e+03 -3.035366411644406775e-03
-7.355779999999998836e+03 -3.048951549741266229e-03
-7.255779999999998836e+03 -3.062575554488147344e-03
-7.155779999999998836e+03 -3.076238502088898905e-03
-7.055779999999998836e+03 -3.089940468979836090e-03
-6.955779999999998836e+03 -3.103681531830390552e-03
-6.855779999999998836e+03 -3.117461767543755740e-03
-6.755779999999998836e+03 -3.131281253257540021e-03
-6.655779999999998836e+03 -3.145140066344414599e-03
-6.555779999999998836e+03 -3.159038284412761868e-03
-6.455779999999998836e+03 -3.172975985307326368e-03
-6.355779999999998836e+03 -3.186953247109862702e-03
-6.255779999999998836e+03 -3.200970148139785625e-03
-6.155779999999998836e+03 -3.215026766954818833e-03
-6.055779999999998836e+03 -3.229123182351645912e-03
-5.955779999999998836e+03 -3.243259473366556095e-03
-5.855779999999998836e+03 -3.257435719276097815e-03
-5.755779999999998836e+03 -3.271651999597724025e-03
-5.655779999999998836e+03 -3.285908394090444450e-03
-5.555779999999998836e+03 -3.300204982755473946e-03
-5.455779999999998836e+03 -3.314541845836881280e-03
-5.355779999999998836e+03 -3.328919063822238789e-03
-5.255779999999998836e+03 -3.343336717443271596e-03
-5.155779999999998836e+03 -3.357794887676507703e-03
-5.055779999999998836e+03 -3.372293655743925471e-03
-4.955779999999998836e+03 -3.386833103113604578e-03
-4.855779999999998836e+03 -3.401413311500375240e-03
-4.755779999999998836e+03 -3.416034362866466126e-03
-4.655779999999998836e+03 -3.430696339422155319e-03
-4.555779999999998836e+03 -3.445399323626418230e-03
-4.455779999999998836e+03 -3.460143398187576821e-03
-4.355779999999998836e+03 -3.474928646063952728e-03
-4.255779999999998836e+03 -3.489755150464508675e-03
-4.155779999999998836e+03 -3.504622994849506800e-03
-4.055779999999998836e+03 -3.519532262931150939e-03
-3.955779999999998836e+03 -3.534483038674239748e-03
-3.855779999999998836e+03 -3.549475406296814621e-03
-3.755779999999998836e+03 -3.564509450270808479e-03
-3.655779999999998836e+03 -3.579585255322698459e-03
-3.555779999999998836e+03 -3.594702906434149060e-03
-3.455779999999998836e+03 -3.609862488842667440e-03
-3.355779999999998836e+03 -3.625064088042249163e-03
-3.255779999999998836e+03 -3.640307789784027852e-03
-3.155779999999998836e+03 -3.655593680076927882e-03
-3.055779999999998836e+03 -3.670921845188307529e-03
-2.955779999999998836e+03 -3.686292371644614690e-03
-2.855779999999998836e+03 -3.701705346232030906e-03
-2.755779999999998836e+03 -3.717160855997123613e-03
-2.655779999999998836e+03 -3.732658988247496666e-03
-2.555779999999998836e+03 -3.748199830552434355e-03
-2.455779999999998836e+03 -3.763783470743557128e-03
-2.355779999999998836e+03 -3.779409996915465610e-03
-2.255779999999998836e+03 -3.795079497426393726e-03
-2.155779999999998836e+03 -3.810792060898855315e-03
-2.055779999999998836e+03 -3.826547776220295526e-03
-1.955779999999998836e+03 -3.842346732543736997e-03
-1.855779999999998836e+03 -3.858189019288434714e-03
-1.755779999999998836e+03 -3.874074726140518728e-03
-1.655779999999998836e+03 -3.890003943053647276e-03
-1.555779999999998836e+03 -3.905976760249656871e-03
-1.455779999999998836e+03 -3.921993268219207615e-03
-1.355779999999998836e+03 -3.938053557722437197e-03
-1.255779999999998836e+03 -3.954157719789607069e-03
-1.155779999999998836e+03 -3.970305845721752540e-03
-1.055779999999998836e+03 -3.986498027091331560e-03
-9.557799999999988358e+02 -4.002734355742875241e-03
-8.557799999999988358e+02 -4.019014923793636646e-03
-7.557799999999988358e+02 -4.035339823634240437e-03
-6.557799999999988358e+02 -4.051709147929329936e-03
-5.557799999999988358e+02 -4.068122989618220241e-03
-4.557799999999988358e+02 -4.084581441915543544e-03
-3.557799999999988358e+02 -4.101084598311901391e-03
-2.557799999999988358e+02 -4.117632552574513466e-03
-1.557799999999988358e+02 -4.134225398747864641e-03
-5.577999999999883585e+01 -4.150863231154357236e-03
4.422000000000116415e+01 -4.167546144394958935e-03
1.442200000000011642e+02 -4.184274233349851574e-03
2.442200000000011642e+02 -4.201047593179081663e-03
3.442200000000011642e+02 -4.217866319323208303e-03
4.442200000000011642e+02 -4.234730507503954577e-03
5.442200000000011642e+02 -4.251640253724853734e-03
6.442200000000011642e+02 -4.268595654271901442e-03
7.442200000000011642e+02 -4.285596805714202845e-03
8.442200000000011642e+02 -4.302643804904625682e-03
9.442200000000011642e+02 -4.319736748980443006e-03
1.044220000000001164e+03 -4.336875735363988037e-03
1.144220000000001164e+03 -4.354060861763302953e-03
1.244220000000001164e+03 -4.371292226172784207e-03
1.344220000000001164e+03 -4.388569926873836513e-03
1.444220000000001164e+03 -4.405894062435519905e-03
1.544220000000001164e+03 -4.423264731715198517e-03
1.644220000000001164e+03 -4.440682033859191108e-03
1.744220000000001164e+03 -4.458146068303420716e-03
1.844220000000001164e+03 -4.475656934774061707e-03
1.944220000000001164e+03 -4.493214733288190300e-03
2.044220000000001164e+03 -4.510819564154435954e-03
2.144220000000001164e+03 -4.528471527973628417e-03
2.244220000000001164e+03 -4.546170725639444785e-03
2.344220000000001164e+03 -4.563917258339064351e-03
2.444220000000001164e+03 -4.581711227553813062e-03
2.544220000000001164e+03 -4.599552735059815774e-03
2.644220000000001164e+03 -4.617441882928644166e-03
2.744220000000001164e+03 -4.635378773527966401e-03
2.844220000000001164e+03 -4.653363509522195907e-03
2.944220000000001164e+03 -4.671396193873141034e-03
3.044220000000001164e+03 -4.689476929840654708e-03
3.144220000000001164e+03 -4.707605820983284950e-03
3.244220000000001164e+03 -4.725782971158919328e-03
3.344220000000001164e+03 -4.744008484525439814e-03
3.444220000000001164e+03 -4.762282465541369837e-03
3.544220000000001164e+03 -4.780605018966523068e-03
3.644220000000001164e+03 -4.798976249862653073e-03
3.744220000000001164e+03 -4.817396263594102973e-03
3.844220000000001164e+03 -4.835865165828454222e-03
3.944220000000001164e+03 -4.854383062537178002e-03
4.044220000000001164e+03 -4.872950059996279670e-03
4.144220000000001164e+03 -4.891566264786952750e-03
4.244220000000001164e+03 -4.910231783796227718e-03
4.344220000000001164e+03 -4.928946724217618189e-03
4.444220000000001164e+03 -4.947711193551772302e-03
4.544220000000001164e+03 -4.966525299607123245e-03
4.644220000000001164e+03 -4.985389150500536305e-03
4.744220000000001164e+03 -5.004302854657959390e-03
4.844220000000001164e+03 -5.023266520815070080e-03
4.944220000000001164e+03 -5.042280258017931352e-03
5.044220000000001164e+03 -5.061344175623631696e-03
5.144220000000001164e+03 -5.080458383300941703e-03
5.244220000000001164e+03 -5.099622991030959389e-03
5.344220000000001164e+03 -5.118838109107761575e-03
5.444220000000001164e+03 -5.138103848139050946e-03
5.544220000000001164e+03 -5.157420319046810038e-03
5.644220000000001164e+03 -5.176787633067943956e-03
5.744220000000001164e+03 -5.196205901754934360e-03
5.844220000000001164e+03 -5.215675236976488258e-03
5.944220000000001164e+03 -5.235195750918185918e-03
6.044220000000001164e+03 -5.254767556083128795e-03
6.144220000000001164e+03 -5.274390765292592646e-03
6.244220000000001164e+03 -5.294065491686676325e-03
6.344220000000001164e+03 -5.313791848724947094e-03
6.444220000000001164e+03 -5.333569950187092880e-03
6.544220000000001164e+03 -5.353399910173571932e-03
6.644220000000001164e+03 -5.373281843106260738e-03
6.744220000000001164e+03 -5.393215863729106281e-03
6.844220000000001164e+03 -5.413202087108769621e-03
6.944220000000001164e+03 -5.433240628635279020e-03
7.044220000000001164e+03 -5.453331604022681328e-03
7.144220000000001164e+03 -5.473475129309686438e-03
7.244220000000001164e+03 -5.493671320860320402e-03
7.344220000000001164e+03 -5.513920295364570755e-03
7.444220000000001164e+03 -5.534222169839042235e-03
7.544220000000001164e+03 -5.554577061627596901e-03
7.644220000000001164e+03 -5.574985088402014191e-03
7.744220000000001164e+03 -5.595446368162631905e-03
7.844220000000001164e+03 -5.615961019238994989e-03
7.944220000000001164e+03 -5.636529160290514734e-03
8.044220000000001164e+03 -5.657150910307106283e-03
8.144220000000001164e+03 -5.677826388609845225e-03
8.244220000000001164e+03 -5.698555714851615515e-03
8.344220000000001164e+03 -5.719339009017754792e-03
8.444220000000001164e+03 -5.740176391426708366e-03
8.544220000000001164e+03 -5.761067982730680610e-03
8.644220000000001164e+03 -5.782013903916275073e-03
8.744220000000001164e+03 -5.803014276305151938e-03
8.844220000000001164e+03 -5.824069221554675074e-03
8.944220000000001164e+03 -5.845178861658560827e-03
9.044220000000001164e+03 -5.866343318947525934e-03
9.144220000000001164e+03 -5.887562716089940647e-03
9.244220000000001164e+03 -5.908837176092474053e-03
9.344220000000001164e+03 -5.930166822300744593e-03
9.444220000000001164e+03 -5.951551778399972320e-03
9.544220000000001164e+03 -5.972992168415623346e-03
9.644220000000001164e+03 -5.994488116714063834e-03
9.744220000000001164e+03 -6.016039748003203583e-03
9.844220000000001164e+03 -6.037647187333150013e-03
9.944220000000001164e+03 -6.059310560096857826e-03
1.004422000000000116e+04 -6.081029992030775183e-03
1.014422000000000116e+04 -6.102805609215495967e-03
1.024422000000000116e+04 -6.124637538076401627e-03
1.034422000000000116e+04 -6.146525905384325576e-03
1.044422000000000116e+04 -6.168470838256185501e-03
1.054422000000000116e+04 -6.190472464155646025e-03
1.064422000000000116e+04 -6.212530910893757086e-03
1.074422000000000116e+04 -6.234646306629612264e-03
1.084422000000000116e+04 -6.256818779870994968e-03
1.094422000000000116e+04 -6.279048459475022013e-03
1.104422000000000116e+04 -6.301335474648806292e-03
1.114422000000000116e+04 -6.323679954950088208e-03
1.124422000000000116e+04 -6.346082030287903547e-03
1.134422000000000116e+04 -6.368541830923214915e-03
1.144422000000000116e+04 -6.391059487469579609e-03
1.154422000000000116e+04 -6.413635130893781053e-03
1.164422000000000116e+04 -6.436268892516489731e-03
1.174422000000000116e+04 -6.458960904012909371e-03
1.184422000000000116e+04 -6.481711297413424860e-03
1.194422000000000116e+04 -6.504520205104252772e-03
1.204422000000000116e+04 -6.527387759828090150e-03
1.214422000000000116e+04 -6.550314094684764159e-03
1.224422000000000116e+04 -6.573299343131881745e-03
1.234422000000000116e+04 -6.596343638985480151e-03
1.244422000000000116e+04 -6.619447116420669637e-03
1.254422000000000116e+04 -6.642609909972291803e-03
1.264422000000000116e+04 -6.665832154535562305e-03
1.274422000000000116e+04 -6.689113985366728320e-03
1.284422000000000116e+04 -6.712455538083702579e-03
1.294422000000000116e+04 -6.735856948666730376e-03
1.304422000000000116e+04 -6.759318353459027075e-03
1.314422000000000116e+04 -6.782839889167431233e-03
1.324422000000000116e+04 -6.806421692863054256e-03
1.334422000000000116e+04 -6.830063901981927449e-03
1.344422000000000116e+04 -6.853766654325656876e-03
1.354422000000000116e+04 -6.877530088062066074e-03
1.364422000000000116e+04 -6.901354341725846574e-03
1.374422000000000116e+04 -6.925239554219211890e-03
1.384422000000000116e+04 -6.949185864812541108e-03
1.394422000000000116e+04 -6.973193413145031133e-03
1.404422000000000116e+04 -6.997262339225348085e-03
1.414422000000000116e+04 -7.021392783432269143e-03
1.424422000000000116e+04 -7.045584886515342607e-03
1.434422000000000116e+04 -7.069838789595523677e-03
1.444422000000000116e+04 -7.094154634165839718e-03
1.454422000000000116e+04 -7.118532562092026901e-03
1.464422000000000116e+04 -7.142972715613183331e-03
1.474422000000000116e+04 -7.167475237342417829e-03
1.484422000000000116e+04 -7.192040270267504795e-03
1.494422000000000116e+04 -7.216667957751524316e-03
1.504422000000000116e+04 -7.241358443533517895e-03
1.514422000000000116e+04 -7.266111871729136369e-03
1.524422000000000116e+04 -7.290928386831288695e-03
1.534422000000000116e+04 -7.315808133710790737e-03
1.544422000000000116e+04 -7.340751257617014053e-03
1.554422000000000116e+04 -7.365757904178535549e-03
1.564422000000000116e+04 -7.390828219403794072e-03
1.574422000000000116e+04 -7.415962349681724450e-03
1.584422000000000116e+04 -7.441160441782421024e-03
1.594422000000000116e+04 -7.466422642857779499e-03
1.604422000000000116e+04 -7.491749100442145724e-03
1.614422000000000116e+04 -7.517139962452972293e-03
1.624422000000000116e+04 -7.542595377191460386e-03
1.634422000000000116e+04 -7.568115493343209425e-03
1.644422000000000116e+04 -7.593700459978871935e-03
1.654422000000000116e+04 -7.619350426554798855e-03
1.664422000000000116e+04 -7.645065542913687465e-03
1.674422000000000116e+04 -7.670845959285235369e-03
1.684422000000000116e+04 -7.696691826286783215e-03
1.694422000000000116e+04 -7.722603294923970421e-03
1.704422000000000116e+04 -7.748580516591383090e-03
1.714422000000000116e+04 -7.774623643073201064e-03
1.724422000000000116e+04 -7.800732826543843243e-03
1.734422000000000116e+04 -7.826908219568631114e-03
1.744422000000000116e+04 -7.853149975104422795e-03
1.754422000000000116e+04 -7.879458246500265287e-03
1.764422000000000116e+04 -7.905833187498056275e-03
1.774422000000000116e+04 -7.932274952233177301e-03
1.784422000000000116e+04 -7.958783695235149488e-03
1.794422000000000116e+04 -7.985359571428285799e-03
1.804422000000000116e+04 -8.012002736132334615e-03
1.814422000000000116e+04 -8.038713345063137200e-03
1.824422000000000116e+04 -8.065491554333264340e-03
1.834422000000000116e+04 -8.092337520452679012e-03
1.844422000000000116e+04 -8.119251400329378227e-03
1.854422000000000116e+04 -8.146233351270043554e-03
1.864422000000000116e+04 -8.173283530980689909e-03
1.874422000000000116e+04 -8.200402097567317805e-03
1.884422000000000116e+04 -8.227589209536556938e-03
1.894422000000000116e+04 -8.254845025796320179e-03
1.904422000000000116e+04 -8.282169705656457562e-03
1.914422000000000116e+04 -8.309563408829391193e-03
1.924422000000000116e+04 -8.337026295430777917e-03
1.934422000000000116e+04 -8.364558525980152898e-03
1.944422000000000116e+04 -8.392160261401576671e-03
1.954422000000000116e+04 -8.419831663024296073e-03
1.964422000000000116e+04 -8.447572892583373946e-03
1.974422000000000116e+04 -8.475384112220357008e-03
1.984422000000000116e+04 -8.503265484483915962e-03
1.994422000000000116e+04 -8.531217172330499490e-03
2.004422000000000116e+04 -8.559239339124970897e-03
2.014422000000000116e+04 -8.587332148641275975e-03
2.024422000000000116e+04 -8.615495765063083122e-03
2.034422000000000116e+04 -8.643730352984428655e-03
2.044422000000000116e+04 -8.672036077410370802e-03
2.054422000000000116e+04 -8.700413103757643693e-03
2.064422000000000116e+04 -8.728861597855294002e-03
2.074422000000000116e+04 -8.757381725945341880e-03
2.084422000000000116e+04 -8.785973654683431472e-03
2.094422000000000116e+04 -8.814637551139460625e-03
2.104422000000000116e+04 -8.843373582798257429e-03
2.114422000000000116e+04 -8.872181917560209921e-03
2.124422000000000116e+04 -8.901062723741927016e-03
2.134422000000000116e+04 -8.930016170076876883e-03
2.144422000000000116e+04 -8.959042425716046143e-03
2.154422000000000116e+04 -8.988141660228583449e-03
2.164422000000000116e+04 -9.017314043602450008e-03
2.174422000000000116e+04 -9.046559746245070102e-03
2.184422000000000116e+04 -9.075878938983981611e-03
2.194422000000000116e+04 -9.105271793067477859e-03
2.204422000000000116e+04 -9.134738480165268543e-03
2.214422000000000116e+04 -9.164279172369118112e-03
2.224422000000000116e+04 -9.193894042193503230e-03
2.234422000000000116e+04 -9.223583262576254618e-03
2.244422000000000116e+04 -9.253347006879212786e-03
2.254422000000000116e+04 -9.283185448888876812e-03
2.264422000000000116e+04 -9.313098762817047932e-03
2.274422000000000116e+04 -9.343087123301486996e-03
2.284422000000000116e+04 -9.373150705406551111e-03
2.294422000000000116e+04 -9.403289684623859779e-03
2.304422000000000116e+04 -9.433504236872935003e-03
2.314422000000000116e+04 -9.463794538501843143e-03
2.324422000000000116e+04 -9.494160766287861042e-03
2.334422000000000116e+04 -9.524603097438112675e-03
2.344422000000000116e+04 -9.555121709590224874e-03
2.354422000000000116e+04 -9.585716780812967436e-03
2.364422000000000116e+04 -9.616388489606917528e-03
2.374422000000000116e+04 -9.647137014905092858e-03
2.384422000000000116e+04 -9.677962536073616076e-03
2.394422000000000116e+04 -9.708865232912351415e-03
2.404422000000000116e+04 -9.739845285655556947e-03
2.414422000000000116e+04 -9.770902874972545518e-03
2.424422000000000116e+04 -9.802038181968314445e-03
2.434422000000000116e+04 -9.833251388184208186e-03
2.444422000000000116e+04 -9.864542675598570592e-03
2.454422000000000116e+04 -9.895912226627376351e-03
2.464422000000000116e+04 -9.927360224124904056e-03
2.474422000000000116e+04 -9.958886851384362443e-03
2.484422000000000116e+04 -9.990492292138559993e-03
2.494422000000000116e+04 -1.002217673056053811e-02
2.504422000000000116e+04 -1.005394035126423204e-02
2.514422000000000116e+04 -1.008578333930511099e-02
2.524422000000000116e+04 -1.011770588018083561e-02
2.534422000000000116e+04 -1.014970815983189979e-02
2.544422000000000116e+04 -1.018179036464228644e-02
2.554422000000000116e+04 -1.021395268144011277e-02
2.564422000000000116e+04 -1.024619529749828083e-02
2.574422000000000116e+04 -1.027851840053512801e-02
2.584422000000000116e+04 -1.031092217871506893e-02
2.594422000000000116e+04 -1.034340682064925979e-02
2.604422000000000116e+04 -1.037597251539623677e-02
2.614422000000000116e+04 -1.040861945246255790e-02
2.624422000000000116e+04 -1.044134782180347089e-02
2.634422000000000116e+04 -1.047415781382355845e-02
2.644422000000000116e+04 -1.050704961937736458e-02
2.654422000000000116e+04 -1.054002342977007796e-02
2.664422000000000116e+04 -1.057307943675816000e-02
2.674422000000000116e+04 -1.060621783254999360e-02
2.684422000000000116e+04 -1.063943880980654753e-02
2.694422000000000116e+04 -1.067274256164200789e-02
2.704422000000000116e+04 -1.070612928162444077e-02
2.714422000000000116e+04 -1.073959916377643237e-02
2.724422000000000116e+04 -1.077315240257574296e-02
2.734422000000000116e+04 -1.080678919295596264e-02
2.744422000000000116e+04 -1.084050973030714626e-02
2.754422000000000116e+04 -1.087431421047646909e-02
2.764422000000000116e+04 -1.090820282976887913e-02
2.774422000000000116e+04 -1.094217578494774933e-02
2.784422000000000116e+04 -1.097623327323551251e-02
2.794422000000000116e+04 -1.101037549231432752e-02
2.804422000000000116e+04 -1.104460264032671758e-02
2.814422000000000116e+04 -1.107891491587622082e-02
2.824422000000000116e+04 -1.111331251802804947e-02
2.834422000000000116e+04 -1.114779564630972476e-02
2.844422000000000116e+04 -1.118236450071173615e-02
2.854422000000000116e+04 -1.121701928168817967e-02
2.864422000000000116e+04 -1.125176019015742754e-02
2.874422000000000116e+04 -1.128658742750275612e-02
2.884422000000000116e+04 -1.132150119557300688e-02
2.894422000000000116e+04 -1.135650169668322995e-02
2.904422000000000116e+04 -1.139158913361534159e-02
2.914422000000000116e+04 -1.142676370961876256e-02
2.924422000000000116e+04 -1.146202562841107560e-02
2.934422000000000116e+04 -1.149737509417867246e-02
2.944422000000000116e+04 -1.153281231157739922e-02
2.954422000000000116e+04 -1.156833748573321552e-02
2.964422000000000116e+04 -1.160395082224283288e-02
2.974422000000000116e+04 -1.163965252717436873e-02
2.984422000000000116e+04 -1.167544280706799692e-02
2.994422000000000116e+04 -1.171132186893659652e-02
3.004422000000000116e+04 -1.174728992026639537e-02
3.014422000000000116e+04 -1.178334716901763106e-02
3.024422000000000116e+04 -1.181949382362518924e-02
3.034422000000000116e+04 -1.185573009299926116e-02
3.044422000000000116e+04 -1.189205618652597850e-02
3.054422000000000116e+04 -1.192847231406808824e-02
3.064422000000000116e+04 -1.196497868596557712e-02
3.074422000000000116e+04 -1.200157551303633087e-02
3.084422000000000116e+04 -1.203826300657678296e-02
3.094422000000000116e+04 -1.207504137836257208e-02
3.104422000000000116e+04 -1.211191084064917357e-02
3.114422000000000116e+04 -1.214887160617256212e-02
3.124422000000000116e+04 -1.218592388814986049e-02
3.134422000000000116e+04 -1.222306790027998316e-02
3.144422000000000116e+04 -1.226030385674429027e-02
3.154422000000000116e+04 -1.229763197220722776e-02
3.164422000000000116e+04 -1.233505246181699697e-02
3.174422000000000116e+04 -1.237256554120618086e-02
3.184422000000000116e+04 -1.241017142649240498e-02
3.194422000000000116e+04 -1.244787033427898967e-02
3.204422000000000116e+04 -1.248566248165558848e-02
3.214422000000000116e+04 -1.252354808619884907e-02
3.224422000000000116e+04 -1.256152736597305336e-02
3.234422000000000116e+04 -1.259960053953077495e-02
3.244422000000000116e+04 -1.263776782591351927e-02
3.254422000000000116e+04 -1.267602944465238274e-02
3.264422000000000116e+04 -1.271438561576869117e-02
3.274422000000000116e+04 -1.275283655977466242e-02
3.284422000000000116e+04 -1.279138249767403784e-02
3.294422000000000116e+04 -1.283002365096275535e-02
3.304422000000000116e+04 -1.286876024162957738e-02
3.314422000000000116e+04 -1.290759249215674490e-02
3.324422000000000116e+04 -1.294652062552063658e-02
3.334422000000000116e+04 -1.298554486519240894e-02
3.344422000000000116e+04 -1.302466543513865031e-02
3.354422000000000116e+04 -1.306388255982202269e-02
3.364422000000000116e+04 -1.310319646420192094e-02
3.374422000000000116e+04 -1.314260737373511810e-02
3.384422000000000116e+04 -1.318211551437640898e-02
3.394422000000000116e+04 -1.322172111257926934e-02
3.404422000000000116e+04 -1.326142439529649775e-02
3.414422000000000116e+04 -1.330122558998087130e-02
3.424422000000000116e+04 -1.334112492458578575e-02
3.434422000000000116e+04 -1.338112262756591120e-02
3.444422000000000116e+04 -1.342121892787784612e-02
3.454422000000000116e+04 -1.346141405498075226e-02
3.464422000000000116e+04 -1.350170823883702249e-02
3.474422000000000116e+04 -1.354210170991290707e-02
3.484422000000000116e+04 -1.358259469917919016e-02
3.494422000000000116e+04 -1.362318743811181607e-02
3.504422000000000116e+04 -1.366388015869255020e-02
3.514422000000000116e+04 -1.370467309340962433e-02
3.524422000000000116e+04 -1.374556647525838719e-02
3.534422000000000116e+04 -1.378656053774196012e-02
3.544422000000000116e+04 -1.382765551487187029e-02
3.554422000000000116e+04 -1.386885164116871162e-02
3.564422000000000116e+04 -1.391014915166280050e-02
3.574422000000000116e+04 -1.395154828189480549e-02
3.584422000000000116e+04 -1.399304926791641868e-02
3.594422000000000116e+04 -1.403465234629098363e-02
3.604422000000000116e+04 -1.407635775409416326e-02
3.614422000000000116e+04 -1.411816572891457823e-02
3.624422000000000116e+04 -1.416007650885445744e-02
3.634422000000000116e+04 -1.420209033253029031e-02
3.644422000000000116e+04 -1.424420743907347728e-02
3.654422000000000116e+04 -1.428642806813097341e-02
3.664422000000000116e+04 -1.432875245986594236e-02
3.674422000000000116e+04 -1.437118085495840171e-02
3.684422000000000116e+04 -1.441371349460587870e-02
3.694422000000000116e+04 -1.445635062052405377e-02
3.704422000000000116e+04 -1.449909247494740767e-02
3.714422000000000116e+04 -1.454193930062988235e-02
3.724422000000000116e+04 -1.458489134084551414e-02
3.734422000000000116e+04 -1.462794883938909989e-02
3.744422000000000116e+04 -1.467111204057683534e-02
3.754422000000000116e+04 -1.471438118924696045e-02
3.764422000000000116e+04 -1.475775653076042207e-02
3.774422000000000116e+04 -1.480123831100151575e-02
3.784422000000000116e+04 -1.484482677637853458e-02
3.794422000000000116e+04 -1.488852217382441792e-02
3.804422000000000116e+04 -1.493232475079740544e-02
3.814422000000000116e+04 -1.497623475528167894e-02
3.824422000000000116e+04 -1.502025243578802328e-02
3.834422000000000116e+04 -1.506437804135445958e-02
3.844422000000000116e+04 -1.510861182154691132e-02
3.854422000000000116e+04 -1.515295402645983926e-02
3.864422000000000116e+04 -1.519740490671690064e-02
3.874422000000000116e+04 -1.524196471347159278e-02
3.884422000000000116e+04 -1.528663369840791049e-02
3.894422000000000116e+04 -1.533141211374098103e-02
3.904422000000000116e+04 -1.537630021221772503e-02
3.914422000000000116e+04 -1.542129824711750523e-02
3.924422000000000116e+04 -1.546640647225276839e-02
3.934422000000000116e+04 -1.551162514196970793e-02
3.944422000000000116e+04 -1.555695451114889188e-02
3.954422000000000116e+04 -1.560239483520593426e-02
3.964422000000000116e+04 -1.564794637009213341e-02
3.974422000000000116e+04 -1.569360937229511907e-02
3.984422000000000116e+04 -1.573938409883950812e-02
3.994422000000000116e+04 -1.578527080728755680e-02
4.004422000000000116e+04 -1.583126975573979217e-02
4.014422000000000116e+04 -1.587738120283568172e-02
4.024422000000000116e+04 -1.592360540775428213e-02
4.034422000000000116e+04 -1.596994263021485685e-02
4.044422000000000116e+04 -1.601639313047757696e-02
4.054422000000000116e+04 -1.606295716934412476e-02
4.064422000000000116e+04 -1.610963500815837390e-02
4.074422000000000116e+04 -1.615642690880701032e-02
4.084422000000000116e+04 -1.620333313372021578e-02
4.094422000000000116e+04 -1.625035394587228538e-02
4.104422000000000116e+04 -1.629748960878229722e-02
4.114422000000000116e+04 -1.634474038651475072e-02
4.124422000000000116e+04 -1.639210654368022588e-02
4.134422000000000116e+04 -1.643958834543601463e-02
4.144422000000000116e+04 -1.648718605748679747e-02
4.154422000000000116e+04 -1.653489994608526095e-02
4.164422000000000116e+04 -1.658273027803277774e-02
4.174422000000000116e+04 -1.663067732068003804e-02
4.184422000000000116e+04 -1.667874134192769836e-02
4.194422000000000116e+04 -1.672692261022703381e-02
4.204422000000000116e+04 -1.677522139458059378e-02
4.214422000000000116e+04 -1.682363796454284383e-02
4.224422000000000116e+04 -1.687217259022081792e-02
4.234422000000000116e+04 -1.692082554227476374e-02
4.244422000000000116e+04 -1.696959709191879495e-02
4.254422000000000116e+04 -1.701848751092155040e-02
4.264422000000000116e+04 -1.706749707160681861e-02
4.274422000000000116e+04 -1.711662604685421432e-02
4.284422000000000116e+04 -1.716587471009980992e-02
4.294422000000000116e+04 -1.721524333533678772e-02
4.304422000000000116e+04 -1.726473219711610260e-02
4.314422000000000116e+04 -1.731434157054710654e-02
4.324422000000000116e+04 -1.736407173129822165e-02
4.334422000000000116e+04 -1.741392295559757858e-02
4.344422000000000116e+04 -1.746389552023366529e-02
4.354422000000000116e+04 -1.751398970255597931e-02
4.364422000000000116e+04 -1.756420578047566960e-02
4.374422000000000116e+04 -1.761454403246620962e-02
4.384422000000000116e+04 -1.766500473756400097e-02
4.394422000000000116e+04 -1.771558817536908123e-02
4.404422000000000116e+04 -1.776629462604572066e-02
4.414422000000000116e+04 -1.781712437032309873e-02
4.424422000000000116e+04 -1.786807768949596337e-02
4.434422000000000116e+04 -1.791915486542524152e-02
4.444422000000000116e+04 -1.797035618053872616e-02
4.454422000000000116e+04 -1.802168191783171114e-02
4.464422000000000116e+04 -1.807313236086763655e-02
4.474422000000000116e+04 -1.812470779377874444e-02
4.484422000000000116e+04 -1.817640850126672758e-02
4.494422000000000116e+04 -1.822823476860337480e-02
4.504422000000000116e+04 -1.828018688163122671e-02
4.514422000000000116e+04 -1.833226512676421407e-02
4.524422000000000116e+04 -1.838446979098832049e-02
4.534422000000000116e+04 -1.843680116186222420e-02
4.544422000000000116e+04 -1.848925952751794000e-02
4.554422000000000116e+04 -1.854184517666148876e-02
4.564422000000000116e+04 -1.859455839857353243e-02
4.574422000000000116e+04 -1.864739948311001580e-02
4.584422000000000116e+04 -1.870036872070283962e-02
4.594422000000000116e+04 -1.875346640236048856e-02
4.604422000000000116e+04 -1.880669281966869041e-02
4.614422000000000116e+04 -1.886004826479105792e-02
4.624422000000000116e+04 -1.891353303046974799e-02
4.634422000000000116e+04 -1.896714741002610699e-02
4.644422000000000116e+04 -1.902089169736131610e-02
4.654422000000000116e+04 -1.907476618695704701e-02
4.664422000000000116e+04 -1.912877117387610723e-02
4.674422000000000116e+04 -1.918290695376308197e-02
4.684422000000000116e+04 -1.923717382284500024e-02
4.694422000000000116e+04 -1.929157207793198020e-02
4.704422000000000116e+04 -1.934610201641785363e-02
4.714422000000000116e+04 -1.940076393628086329e-02
4.724422000000000116e+04 -1.945555813608426318e-02
4.734422000000000116e+04 -1.951048491497699156e-02
4.744422000000000116e+04 -1.956554457269432321e-02
4.754422000000000116e+04 -1.962073740955851478e-02
4.764422000000000116e+04 -1.967606372647943969e-02
4.774422000000000116e+04 -1.973152382495526810e-02
4.784422000000000116e+04 -1.978711800707308455e-02
4.794422000000000116e+04 -1.984284657550955400e-02
4.804422000000000116e+04 -1.989870983353157763e-02
4.814422000000000116e+04 -1.995470808499691384e-02
4.824422000000000116e+04 -2.001084163435485827e-02
4.834422000000000116e+04 -2.006711078664688216e-02
4.844422000000000116e+04 -2.012351584750727423e-02
4.854422000000000116e+04 -2.018005712316380332e-02
4.864422000000000116e+04 -2.023673492043836022e-02
4.874422000000000116e+04 -2.029354954674759612e-02
4.884422000000000116e+04 -2.035050131010358865e-02
4.894422000000000116e+04 -2.040759051911450114e-02
4.904422000000000116e+04 -2.046481748298519671e-02
4.914422000000000116e+04 -2.052218251151791475e-02
4.924422000000000116e+04 -2.057968591511290940e-02
4.934422000000000116e+04 -2.063732800476910864e-02
4.944422000000000116e+04 -2.069510909208475274e-02
4.954422000000000116e+04 -2.075302948925804650e-02
4.964422000000000116e+04 -2.081108950908781494e-02
4.974422000000000116e+04 -2.086928946497414519e-02
4.984422000000000116e+04 -2.092762967091903181e-02
4.994422000000000116e+04 -2.098611044152705329e-02
5.004422000000000116e+04 -2.104473209200597231e-02
5.014422000000000116e+04 -2.110349493816743305e-02
5.024422000000000116e+04 -2.116239929642758227e-02
5.034422000000000116e+04 -2.122144548380773196e-02
5.044422000000000116e+04 -2.128063381793500117e-02
5.054422000000000116e+04 -2.133996461704296826e-02
5.064422000000000116e+04 -2.139943819997231975e-02
5.074422000000000116e+04 -2.145905488617150247e-02
5.084422000000000116e+04 -2.151881499569735859e-02
5.094422000000000116e+04 -2.157871884921580899e-02
5.104422000000000116e+04 -2.163876676800245702e-02
5.114422000000000116e+04 -2.169895907394326848e-02
5.124422000000000116e+04 -2.175929608953521693e-02
5.134422000000000116e+04 -2.181977813788693252e-02
5.144422000000000116e+04 -2.188040554271934029e-02
5.154422000000000116e+04 -2.194117862836631253e-02
5.164422000000000116e+04 -2.200209771977533479e-02
5.174422000000000116e+04 -2.206316314250813745e-02
5.184422000000000116e+04 -2.212437522274134788e-02
5.194422000000000116e+04 -2.218573428726715313e-02
5.204422000000000116e+04 -2.224724066349392099e-02
5.214422000000000116e+04 -2.230889467944689036e-02
5.224422000000000116e+04 -2.237069666376876806e-02
5.234422000000000116e+04 -2.243264694572043652e-02
5.244422000000000116e+04 -2.249474585518155406e-02
5.254422000000000116e+04 -2.255699372265122793e-02
5.264422000000000116e+04 -2.261939087924866656e-02
5.274422000000000116e+04 -2.268193765671381451e-02
5.284422000000000116e+04 -2.274463438740801507e-02
5.294422000000000116e+04 -2.280748140431463830e-02
5.304422000000000116e+04 -2.287047904103976445e-02
5.314422000000000116e+04 -2.293362763181280850e-02
5.324422000000000116e+04 -2.299692751148717587e-02
5.334422000000000116e+04 -2.306037901554090080e-02
5.344422000000000116e+04 -2.312398248007732637e-02
5.354422000000000116e+04 -2.318773824182570123e-02
5.364422000000000116e+04 -2.325164663814190125e-02
5.374422000000000116e+04 -2.331570800700901239e-02
5.384422000000000116e+04 -2.337992268703800725e-02
5.394422000000000116e+04 -2.344429101746840424e-02
5.404422000000000116e+04 -2.350881333816889907e-02
5.414422000000000116e+04 -2.357348998963802039e-02
5.424422000000000116e+04 -2.363832131300478562e-02
5.434422000000000116e+04 -2.370330765002933576e-02
5.444422000000000116e+04 -2.376844934310360161e-02
5.454422000000000116e+04 -2.383374673525193166e-02
5.464422000000000116e+04 -2.389920017013178258e-02
5.474422000000000116e+04 -2.396480999203430551e-02
5.484422000000000116e+04 -2.403057654588504691e-02
5.494422000000000116e+04 -2.409650017724457999e-02
5.504422000000000116e+04 -2.416258123230916738e-02
5.514422000000000116e+04 -2.422882005791137175e-02
5.524422000000000116e+04 -2.429521700152075317e-02
5.534422000000000116e+04 -2.436177241124449014e-02
5.544422000000000116e+04 -2.442848663582803531e-02
5.554422000000000116e+04 -2.449536002465576082e-02
5.564422000000000116e+04 -2.456239292775161745e-02
5.574422000000000116e+04 -2.462958569577977305e-02
5.584422000000000116e+04 -2.469693868004527865e-02
5.594422000000000116e+04 -2.476445223249468947e-02
5.604422000000000116e+04 -2.483212670571674149e-02
5.614422000000000116e+04 -2.489996245294299332e-02
5.624422000000000116e+04 -2.496795982804845757e-02
5.634422000000000116e+04 -2.503611918555228091e-02
5.644422000000000116e+04 -2.510444088061837206e-02
5.654422000000000116e+04 -2.517292526905604705e-02
5.664422000000000116e+04 -2.524157270732069538e-02
5.674422000000000116e+04 -2.531038355251443231e-02
5.684422000000000116e+04 -2.537935816238671982e-02
5.694422000000000116e+04 -2.544849689533503975e-02
5.704422000000000116e+04 -2.551780011040553908e-02
5.714422000000000116e+04 -2.558726816729368220e-02
5.724422000000000116e+04 -2.565690142634488233e-02
5.734422000000000116e+04 -2.572670024855517462e-02
5.744422000000000116e+04 -2.579666499557184411e-02
5.754422000000000116e+04 -2.586679602969409533e-02
5.764422000000000116e+04 -2.593709371387369761e-02
5.774422000000000116e+04 -2.600755841171560265e-02
5.784422000000000116e+04 -2.607819048747864535e-02
5.794422000000000116e+04 -2.614899030607615790e-02
5.804422000000000116e+04 -2.621995823307662205e-02
5.814422000000000116e+04 -2.629109463470433172e-02
5.824422000000000116e+04 -2.636239987784004188e-02
5.834422000000000116e+04 -2.643387433002160336e-02
5.844422000000000116e+04 -2.650551835944460824e-02
5.854422000000000116e+04 -2.657733233496308023e-02
5.864422000000000116e+04 -2.664931662609006796e-02
5.874422000000000116e+04 -2.672147160299834234e-02
5.884422000000000116e+04 -2.679379763652099677e-02
5.894422000000000116e+04 -2.686629509815215491e-02
5.904422000000000116e+04 -2.693896436004757783e-02
5.914422000000000116e+04 -2.701180579502531973e-02
5.924422000000000116e+04 -2.708481977656637674e-02
5.934422000000000116e+04 -2.715800667881535999e-02
5.944422000000000116e+04 -2.723136687658111316e-02
5.954422000000000116e+04 -2.730490074533738556e-02
5.964422000000000116e+04 -2.737860866122345666e-02
5.974422000000000116e+04 -2.745249100104481949e-02
5.984422000000000116e+04 -2.752654814227378788e-02
5.994422000000000116e+04 -2.760078046305018684e-02
6.004422000000000116e+04 -2.767518834218197013e-02
6.014422000000000116e+04 -2.774977215914590373e-02
6.024422000000000116e+04 -2.782453229408815912e-02
6.034422000000000116e+04 -2.789946912782503147e-02
6.044422000000000116e+04 -2.797458304184353289e-02
6.054422000000000116e+04 -2.804987441830207942e-02
6.064422000000000116e+04 -2.812534364003111201e-02
6.074422000000000116e+04 -2.820099109053376268e-02
6.084422000000000116e+04 -2.827681715398650333e-02
6.094422000000000116e+04 -2.835282221523979448e-02
6.104422000000000116e+04 -2.842900665981872368e-02
6.114422000000000116e+04 -2.850537087392365776e-02
6.124422000000000116e+04 -2.858191524443090895e-02
6.134422000000000116e+04 -2.865864015889336633e-02
6.144422000000000116e+04 -2.873554600554115157e-02
6.154422000000000116e+04 -2.881263317328227117e-02
6.164422000000000116e+04 -2.888990205170326175e-02
6.174422000000000116e+04 -2.896735303106982851e-02
6.184422000000000116e+04 -2.904498650232751819e-02
6.194422000000000116e+04 -2.912280285710236102e-02
6.204422000000000116e+04 -2.920080248770149170e-02
6.214422000000000116e+04 -2.927898578711383981e-02
6.224422000000000116e+04 -2.935735314901076823e-02
6.234422000000000116e+04 -2.943590496774669413e-02
6.244422000000000116e+04 -2.951464163835978635e-02
6.254422000000000116e+04 -2.959356355657255175e-02
6.264422000000000116e+04 -2.967267111879255681e-02
6.274422000000000116e+04 -2.975196472211301749e-02
6.284422000000000116e+04 -2.983144476431348266e-02
6.294422000000000116e+04 -2.991111164386046906e-02
6.304422000000000116e+04 -2.999096575990812044e-02
6.314422000000000116e+04 -3.007100751229883559e-02
6.324422000000000116e+04 -3.015123730156395176e-02
6.334422000000000116e+04 -3.023165552892435881e-02
6.344422000000000116e+04 -3.031226259629117223e-02
6.354422000000000116e+04 -3.039305890626636461e-02
6.364422000000000116e+04 -3.047404486214344912e-02
6.374422000000000116e+04 -3.055522086790808320e-02
6.384422000000000116e+04 -3.063658732823874159e-02
6.394422000000000116e+04 -3.071814464850737211e-02
6.404422000000000116e+04 -3.079989323478003055e-02
6.414422000000000116e+04 -3.088183349381752596e-02
6.424422000000000116e+04 -3.096396583307610070e-02
6.434422000000000116e+04 -3.104629066070805493e-02
6.444422000000000116e+04 -3.112880838556237456e-02
6.454422000000000116e+04 -3.121151941718543904e-02
6.464422000000000116e+04 -3.129442416582161463e-02
6.474422000000000116e+04 -3.137752304241393092e-02
6.484422000000000116e+04 -3.146081645860474008e-02
6.494422000000000116e+04 -3.154430482673632047e-02
6.504422000000000116e+04 -3.162798855985159835e-02
6.514422000000000116e+04 -3.171186807169470989e-02
6.524422000000000116e+04 -3.179594377671174366e-02
6.534422000000000116e+04 -3.188021609005130264e-02
6.544422000000000116e+04 -3.196468542756521897e-02
6.554422000000000116e+04 -3.204935220580917149e-02
6.564422000000000116e+04 -3.213421684204333106e-02
6.574422000000000116e+04 -3.221927975423303364e-02
6.584422000000000116e+04 -3.230454136104940477e-02
6.594422000000000116e+04 -3.239000208187003266e-02
6.604422000000000116e+04 -3.247566233677959269e-02
6.614422000000000116e+04 -3.256152254657052048e-02
6.624422000000000116e+04 -3.264758313274364332e-02
6.634422000000000116e+04 -3.273384451750882551e-02
6.644422000000000116e+04 -3.282030712378565529e-02
6.654422000000000116e+04 -3.290697137520405546e-02
6.664422000000000116e+04 -3.299383769610491485e-02
6.674422000000000116e+04 -3.308090651154081685e-02
6.684422000000000116e+04 -3.316817824727659458e-02
6.694422000000000116e+04 -3.325565332979005251e-02
6.704422000000000116e+04 -3.334333218627257706e-02
6.714422000000000116e+04 -3.343121524462979582e-02
6.724422000000000116e+04 -3.351930293348222983e-02
6.734422000000000116e+04 -3.360759568216595272e-02
6.744422000000000116e+04 -3.369609392073318749e-02
6.754422000000000116e+04 -3.378479807995304895e-02
6.764422000000000116e+04 -3.387370859131211276e-02
6.774422000000000116e+04 -3.396282588701506761e-02
6.784422000000000116e+04 -3.405215039998545773e-02
6.794422000000000116e+04 -3.414168256386618250e-02
6.804422000000000116e+04 -3.423142281302028050e-02
6.814422000000000116e+04 -3.432137158253151937e-02
6.824422000000000116e+04 -3.441152930820503414e-02
6.834422000000000116e+04 -3.450189642656799338e-02
6.844422000000000116e+04 -3.459247337487026536e-02
6.854422000000000116e+04 -3.468326059108504250e-02
6.864422000000000116e+04 -3.477425851390947981e-02
6.874422000000000116e+04 -3.486546758276538871e-02
6.884422000000000116e+04 -3.495688823779985466e-02
6.894422000000000116e+04 -3.504852091988588242e-02
6.904422000000000116e+04 -3.514036607062306222e-02
6.914422000000000116e+04 -3.523242413233821507e-02
