-1.143557799999999988e+05 3.212025164227443188e+07
-1.142557799999999988e+05 3.213607146640245989e+07
-1.141557799999999988e+05 3.215171001214579493e+07
-1.140557799999999988e+05 3.216716813424366713e+07
-1.139557799999999988e+05 3.218244668545299396e+07
-1.138557799999999988e+05 3.219754651655108482e+07
-1.137557799999999988e+05 3.221246847633839399e+07
-1.136557799999999988e+05 3.222721341164140031e+07
-1.135557799999999988e+05 3.224178216731533781e+07
-1.134557799999999988e+05 3.225617558624700084e+07
-1.133557799999999988e+05 3.227039450935744494e+07
-1.132557799999999988e+05 3.228443977560494840e+07
-1.131557799999999988e+05 3.229831222198769450e+07
-1.130557799999999988e+05 3.231201268354655430e+07
-1.129557799999999988e+05 3.232554199336784706e+07
-1.128557799999999988e+05 3.233890098258623853e+07
-1.127557799999999988e+05 3.235209048038745672e+07
-1.126557799999999988e+05 3.236511131401105598e+07
-1.125557799999999988e+05 3.237796430875324830e+07
-1.124557799999999988e+05 3.239065028796969727e+07
-1.123557799999999988e+05 3.240317007307825610e+07
-1.122557799999999988e+05 3.241552448356185108e+07
-1.121557799999999988e+05 3.242771433697113395e+07
-1.120557799999999988e+05 3.243974044892740995e+07
-1.119557799999999988e+05 3.245160363312527537e+07
-1.118557799999999988e+05 3.246330470133563131e+07
-1.117557799999999988e+05 3.247484446340818331e+07
-1.116557799999999988e+05 3.248622372727448866e+07
-1.115557799999999988e+05 3.249744329895054176e+07
-1.114557799999999988e+05 3.250850398253971338e+07
-1.113557799999999988e+05 3.251940658023543656e+07
-1.112557799999999988e+05 3.253015189232414588e+07
-1.111557799999999988e+05 3.254074071718781814e+07
-1.110557799999999988e+05 3.255117385130697116e+07
-1.109557799999999988e+05 3.256145208926337957e+07
-1.108557799999999988e+05 3.257157622374287248e+07
-1.107557799999999988e+05 3.258154704553810135e+07
-1.106557799999999988e+05 3.259136534355135262e+07
-1.105557799999999988e+05 3.260103190479723737e+07
-1.104557799999999988e+05 3.261054751440576464e+07
-1.103557799999999988e+05 3.261991295562470332e+07
-1.102557799999999988e+05 3.262912900982283056e+07
-1.101557799999999988e+05 3.263819645649223402e+07
-1.100557799999999988e+05 3.264711607325155661e+07
-1.099557799999999988e+05 3.265588863584851101e+07
-1.098557799999999988e+05 3.266451491816275194e+07
-1.097557799999999988e+05 3.267299569220860302e+07
-1.096557799999999988e+05 3.268133172813797370e+07
-1.095557799999999988e+05 3.268952379424301162e+07
-1.094557799999999988e+05 3.269757265695897490e+07
-1.093557799999999988e+05 3.270547908086700737e+07
-1.092557799999999988e+05 3.271324382869683206e+07
-1.091557799999999988e+05 3.272086766132971272e+07
-1.090557799999999988e+05 3.272835133780113980e+07
-1.089557799999999988e+05 3.273569561530355737e+07
-1.088557799999999988e+05 3.274290124918930233e+07
-1.087557799999999988e+05 3.274996899297327176e+07
-1.086557799999999988e+05 3.275689959833572432e+07
-1.085557799999999988e+05 3.276369381512517482e+07
-1.084557799999999988e+05 3.277035239136104286e+07
-1.083557799999999988e+05 3.277687607323651761e+07
-1.082557799999999988e+05 3.278326560512136668e+07
-1.081557799999999988e+05 3.278952172956461832e+07
-1.080557799999999988e+05 3.279564518729747459e+07
-1.079557799999999988e+05 3.280163671723600104e+07
-1.078557799999999988e+05 3.280749705648403615e+07
-1.077557799999999988e+05 3.281322694033585116e+07
-1.076557799999999988e+05 3.281882710227893293e+07
-1.075557799999999988e+05 3.282429827399691194e+07
-1.074557799999999988e+05 3.282964118537224829e+07
-1.073557799999999988e+05 3.283485656448907033e+07
-1.072557799999999988e+05 3.283994513763583824e+07
-1.071557799999999988e+05 3.284490762930830568e+07
-1.070557799999999988e+05 3.284974476221222058e+07
-1.069557799999999988e+05 3.285445725726608187e+07
-1.068557799999999988e+05 3.285904583360401168e+07
-1.067557799999999988e+05 3.286351120857847109e+07
-1.066557799999999988e+05 3.286785409776308015e+07
-1.065557799999999988e+05 3.287207521495542303e+07
-1.064557799999999988e+05 3.287617527217978984e+07
-1.063557799999999988e+05 3.288015497968996316e+07
-1.062557799999999988e+05 3.288401504597212374e+07
-1.061557799999999988e+05 3.288775617774747685e+07
-1.060557799999999988e+05 3.289137907997512072e+07
-1.059557799999999988e+05 3.289488445585486665e+07
-1.058557799999999988e+05 3.289827300682993233e+07
-1.057557799999999988e+05 3.290154543258979917e+07
-1.056557799999999988e+05 3.290470243107304350e+07
-1.055557799999999988e+05 3.290774469846999273e+07
-1.054557799999999988e+05 3.291067292922561988e+07
-1.053557799999999988e+05 3.291348781604231521e+07
-1.052557799999999988e+05 3.291619004988263175e+07
-1.051557799999999988e+05 3.291878031997209787e+07
-1.050557799999999988e+05 3.292125931380207092e+07
-1.049557799999999988e+05 3.292362771713237837e+07
-1.048557799999999988e+05 3.292588621399426088e+07
-1.047557799999999988e+05 3.292803548669305071e+07
-1.046557799999999988e+05 3.293007621581102908e+07
-1.045557799999999988e+05 3.293200908021014929e+07
-1.044557799999999988e+05 3.293383475703492388e+07
-1.043557799999999988e+05 3.293555392171506584e+07
-1.042557799999999988e+05 3.293716724796843529e+07
-1.041557799999999988e+05 3.293867540780371055e+07
-1.040557799999999988e+05 3.294007907152326405e+07
-1.039557799999999988e+05 3.294137890772583708e+07
-1.038557799999999988e+05 3.294257558330947906e+07
-1.037557799999999988e+05 3.294366976347421110e+07
-1.036557799999999988e+05 3.294466211172486469e+07
-1.035557799999999988e+05 3.294555328987384215e+07
-1.034557799999999988e+05 3.294634395804395154e+07
-1.033557799999999988e+05 3.294703477467115968e+07
-1.032557799999999988e+05 3.294762639650744200e+07
-1.031557799999999988e+05 3.294811947862341627e+07
-1.030557799999999988e+05 3.294851467441131547e+07
-1.029557799999999988e+05 3.294881263558764756e+07
-1.028557799999999988e+05 3.294901401219607890e+07
-1.027557799999999988e+05 3.294911945261010155e+07
-1.026557799999999988e+05 3.294912960353598744e+07
-1.025557799999999988e+05 3.294904511001539975e+07
-1.024557799999999988e+05 3.294886661542831361e+07
-1.023557799999999988e+05 3.294859476149573177e+07
-1.022557799999999988e+05 3.294823018828250840e+07
-1.021557799999999988e+05 3.294777353420009837e+07
-1.020557799999999988e+05 3.294722543600945175e+07
-1.019557799999999988e+05 3.294658652882361785e+07
-1.018557799999999988e+05 3.294585744611072913e+07
-1.017557799999999988e+05 3.294503881969660893e+07
-1.016557799999999988e+05 3.294413127976771817e+07
-1.015557799999999988e+05 3.294313545487386733e+07
-1.014557799999999988e+05 3.294205197193101421e+07
-1.013557799999999988e+05 3.294088145622402430e+07
-1.012557799999999988e+05 3.293962453140948340e+07
-1.011557799999999988e+05 3.293828181951851770e+07
-1.010557799999999988e+05 3.293685394095954672e+07
-1.009557799999999988e+05 3.293534151452104002e+07
-1.008557799999999988e+05 3.293374515737440065e+07
-1.007557799999999988e+05 3.293206548507664725e+07
-1.006557799999999988e+05 3.293030311157329381e+07
-1.005557799999999988e+05 3.292845864920106903e+07
-1.004557799999999988e+05 3.292653270869071782e+07
-1.003557799999999988e+05 3.292452589916977659e+07
-1.002557799999999988e+05 3.292243882816547900e+07
-1.001557799999999988e+05 3.292027210160741210e+07
-1.000557799999999988e+05 3.291802632383028790e+07
-9.995577999999999884e+04 3.291570209757684544e+07
-9.985577999999999884e+04 3.291330002400057390e+07
-9.975577999999999884e+04 3.291082070266852155e+07
-9.965577999999999884e+04 3.290826473156402633e+07
-9.955577999999999884e+04 3.290563270708959922e+07
-9.945577999999999884e+04 3.290292522406960651e+07
-9.935577999999999884e+04 3.290014287575320154e+07
-9.925577999999999884e+04 3.289728625381692126e+07
-9.915577999999999884e+04 3.289435594836766645e+07
-9.905577999999999884e+04 3.289135254794532806e+07
-9.895577999999999884e+04 3.288827663952572644e+07
-9.885577999999999884e+04 3.288512880852326006e+07
-9.875577999999999884e+04 3.288190963879378885e+07
-9.865577999999999884e+04 3.287861971263742447e+07
-9.855577999999999884e+04 3.287525961080114916e+07
-9.845577999999999884e+04 3.287182991248191521e+07
-9.835577999999999884e+04 3.286833119532913342e+07
-9.825577999999999884e+04 3.286476403544764593e+07
-9.815577999999999884e+04 3.286112900740043819e+07
-9.805577999999999884e+04 3.285742668421141058e+07
-9.795577999999999884e+04 3.285365763736825064e+07
-9.785577999999999884e+04 3.284982243682517111e+07
-9.775577999999999884e+04 3.284592165100565180e+07
-9.765577999999999884e+04 3.284195584680526331e+07
-9.755577999999999884e+04 3.283792558959453925e+07
-9.745577999999999884e+04 3.283383144322165102e+07
-9.735577999999999884e+04 3.282967397001519799e+07
-9.725577999999999884e+04 3.282545373078709841e+07
-9.715577999999999884e+04 3.282117128483525291e+07
-9.705577999999999884e+04 3.281682718994645029e+07
-9.695577999999999884e+04 3.281242200239903852e+07
-9.685577999999999884e+04 3.280795627696582675e+07
-9.675577999999999884e+04 3.280343056691681966e+07
-9.665577999999999884e+04 3.279884542402189225e+07
-9.655577999999999884e+04 3.279420139855384827e+07
-9.645577999999999884e+04 3.278949903929095715e+07
-9.635577999999999884e+04 3.278473889351991937e+07
-9.625577999999999884e+04 3.277992150703841448e+07
-9.615577999999999884e+04 3.277504742415819690e+07
-9.605577999999999884e+04 3.277011718770771846e+07
-9.595577999999999884e+04 3.276513133903482929e+07
-9.585577999999999884e+04 3.276009041800978035e+07
-9.575577999999999884e+04 3.275499496302783489e+07
-9.565577999999999884e+04 3.274984551101215184e+07
-9.555577999999999884e+04 3.274464259741655365e+07
-9.545577999999999884e+04 3.273938675622826070e+07
-9.535577999999999884e+04 3.273407851997077465e+07
-9.525577999999999884e+04 3.272871841970659047e+07
-9.515577999999999884e+04 3.272330698503998294e+07
-9.505577999999999884e+04 3.271784474411990121e+07
-9.495577999999999884e+04 3.271233222364263237e+07
-9.485577999999999884e+04 3.270676994885456190e+07
-9.475577999999999884e+04 3.270115844355517998e+07
-9.465577999999999884e+04 3.269549823009965196e+07
-9.455577999999999884e+04 3.268978982940164208e+07
-9.445577999999999884e+04 3.268403376093620434e+07
-9.435577999999999884e+04 3.267823054274249077e+07
-9.425577999999999884e+04 3.267238069142654538e+07
-9.415577999999999884e+04 3.266648472216410190e+07
-9.405577999999999884e+04 3.266054314870335534e+07
-9.395577999999999884e+04 3.265455648336783051e+07
-9.385577999999999884e+04 3.264852523705902696e+07
-9.375577999999999884e+04 3.264244991925932840e+07
-9.365577999999999884e+04 3.263633103803477809e+07
-9.355577999999999884e+04 3.263016910003779456e+07
-9.345577999999999884e+04 3.262396461050998792e+07
-9.335577999999999884e+04 3.261771807328502461e+07
-9.325577999999999884e+04 3.261142999079132825e+07
-9.315577999999999884e+04 3.260510086405489594e+07
-9.305577999999999884e+04 3.259873119270210713e+07
-9.295577999999999884e+04 3.259232147496242449e+07
-9.285577999999999884e+04 3.258587220767128095e+07
-9.275577999999999884e+04 3.257938388627289236e+07
-9.265577999999999884e+04 3.257285700482293591e+07
-9.255577999999999884e+04 3.256629205599140003e+07
-9.245577999999999884e+04 3.255968953106534481e+07
-9.235577999999999884e+04 3.255304991995175183e+07
-9.225577999999999884e+04 3.254637371118021384e+07
-9.215577999999999884e+04 3.253966139190587774e+07
-9.205577999999999884e+04 3.253291344791200384e+07
-9.195577999999999884e+04 3.252613036361298338e+07
-9.185577999999999884e+04 3.251931262205698714e+07
-9.175577999999999884e+04 3.251246070492881536e+07
-9.165577999999999884e+04 3.250557509255264699e+07
-9.155577999999999884e+04 3.249865626389485598e+07
-9.145577999999999884e+04 3.249170469656679034e+07
-9.135577999999999884e+04 3.248472086682754382e+07
-9.125577999999999884e+04 3.247770524958680570e+07
-9.115577999999999884e+04 3.247065831840756536e+07
-9.105577999999999884e+04 3.246358054550893232e+07
-9.095577999999999884e+04 3.245647240176894888e+07
-9.085577999999999884e+04 3.244933435672734305e+07
-9.075577999999999884e+04 3.244216687858841568e+07
-9.065577999999999884e+04 3.243497043422359973e+07
-9.055577999999999884e+04 3.242774548917454481e+07
-9.045577999999999884e+04 3.242049250765564665e+07
-9.035577999999999884e+04 3.241321195255703107e+07
-9.025577999999999884e+04 3.240590428544718400e+07
-9.015577999999999884e+04 3.239856996657585725e+07
-9.005577999999999884e+04 3.239120945487681404e+07
-8.995577999999999884e+04 3.238382320797060058e+07
-8.985577999999999884e+04 3.237641168216733262e+07
-8.975577999999999884e+04 3.236897533246954158e+07
-8.965577999999999884e+04 3.236151461257488281e+07
-8.955577999999999884e+04 3.235402997487898916e+07
-8.945577999999999884e+04 3.234652187047825009e+07
-8.935577999999999884e+04 3.233899074917251989e+07
-8.925577999999999884e+04 3.233143705946803465e+07
-8.915577999999999884e+04 3.232386124858008325e+07
-8.905577999999999884e+04 3.231626376243587956e+07
-8.895577999999999884e+04 3.230864504567730427e+07
-8.885577999999999884e+04 3.230100554166373610e+07
-8.875577999999999884e+04 3.229334569247477129e+07
-8.865577999999999884e+04 3.228566593891305849e+07
-8.855577999999999884e+04 3.227796672050710022e+07
-8.845577999999999884e+04 3.227024847551402077e+07
-8.835577999999999884e+04 3.226251164092234150e+07
-8.825577999999999884e+04 3.225475665245478228e+07
-8.815577999999999884e+04 3.224698394457105175e+07
-8.805577999999999884e+04 3.223919395047065616e+07
-8.795577999999999884e+04 3.223138710209562629e+07
-8.785577999999999884e+04 3.222356383013335615e+07
-8.775577999999999884e+04 3.221572456401944160e+07
-8.765577999999999884e+04 3.220786973194028065e+07
-8.755577999999999884e+04 3.219999976083611697e+07
-8.745577999999999884e+04 3.219211507640364021e+07
-8.735577999999999884e+04 3.218421610309882835e+07
-8.725577999999999884e+04 3.217630326413974911e+07
-8.715577999999999884e+04 3.216837698150932789e+07
-8.705577999999999884e+04 3.216043767595819011e+07
-8.695577999999999884e+04 3.215248576700735837e+07
-8.685577999999999884e+04 3.214452167295113206e+07
-8.675577999999999884e+04 3.213654581085981056e+07
-8.665577999999999884e+04 3.212855859658250213e+07
-8.655577999999999884e+04 3.212056044474991038e+07
-8.645577999999999884e+04 3.211255176877715066e+07
-8.635577999999999884e+04 3.210453298086648807e+07
-8.625577999999999884e+04 3.209650449201018363e+07
-8.615577999999999884e+04 3.208846671199322119e+07
-8.605577999999999884e+04 3.208042004939614981e+07
-8.595577999999999884e+04 3.207236491159781814e+07
-8.585577999999999884e+04 3.206430170477822050e+07
-8.575577999999999884e+04 3.205623083392123133e+07
-8.565577999999999884e+04 3.204815270281744748e+07
-8.555577999999999884e+04 3.204006771406696737e+07
-8.545577999999999884e+04 3.203197626908206940e+07
-8.535577999999999884e+04 3.202387876809017733e+07
-8.525577999999999884e+04 3.201577561013652384e+07
-8.515577999999999884e+04 3.200766719308701158e+07
-8.505577999999999884e+04 3.199955391363093629e+07
-8.495577999999999884e+04 3.199143616728379205e+07
-8.485577999999999884e+04 3.198331434839012101e+07
-8.475577999999999884e+04 3.197518885012622178e+07
-8.465577999999999884e+04 3.196706006450297311e+07
-8.455577999999999884e+04 3.195892838236860558e+07
-8.445577999999999884e+04 3.195079419341154397e+07
-8.435577999999999884e+04 3.194265788616313040e+07
-8.425577999999999884e+04 3.193451984800043702e+07
-8.415577999999999884e+04 3.192638046514904499e+07
-8.405577999999999884e+04 3.191824012268583849e+07
-8.395577999999999884e+04 3.191009920454183221e+07
-8.385577999999999884e+04 3.190195809350490570e+07
-8.375577999999999884e+04 3.189381717122260854e+07
-8.365577999999999884e+04 3.188567681820493564e+07
-8.355577999999999884e+04 3.187753741382714361e+07
-8.345577999999999884e+04 3.186939933633252606e+07
-8.335577999999999884e+04 3.186126296283521131e+07
-8.325577999999999884e+04 3.185312866932291910e+07
-8.315577999999999884e+04 3.184499683065977693e+07
-8.305577999999999884e+04 3.183686782058914006e+07
-8.295577999999999884e+04 3.182874201173625886e+07
-8.285577999999999884e+04 3.182061977561124042e+07
-8.275577999999999884e+04 3.181250148261165991e+07
-8.265577999999999884e+04 3.180438750202551857e+07
-8.255577999999999884e+04 3.179627820203388110e+07
-8.245577999999999884e+04 3.178817394971378520e+07
-8.235577999999999884e+04 3.178007511104093492e+07
-8.225577999999999884e+04 3.177198205089256540e+07
-8.215577999999999884e+04 3.176389513305014372e+07
-8.205577999999999884e+04 3.175581472020225599e+07
-8.195577999999999884e+04 3.174774117394735664e+07
-8.185577999999999884e+04 3.173967485479650646e+07
-8.175577999999999884e+04 3.173161612217621505e+07
-8.165577999999999884e+04 3.172356533443125710e+07
-8.155577999999999884e+04 3.171552284882737696e+07
-8.145577999999999884e+04 3.170748902155412361e+07
-8.135577999999999884e+04 3.169946420772765577e+07
-8.125577999999999884e+04 3.169144876139351353e+07
-8.115577999999999884e+04 3.168344303552936763e+07
-8.105577999999999884e+04 3.167544738204788789e+07
-8.095577999999999884e+04 3.166746215179947764e+07
-8.085577999999999884e+04 3.165948769457505643e+07
-8.075577999999999884e+04 3.165152435910885036e+07
-8.065577999999999884e+04 3.164357249308124930e+07
-8.055577999999999884e+04 3.163563244312147424e+07
-8.045577999999999884e+04 3.162770455481048301e+07
-8.035577999999999884e+04 3.161978917268367484e+07
-8.025577999999999884e+04 3.161188664023371786e+07
-8.015577999999999884e+04 3.160399729991334677e+07
-8.005577999999999884e+04 3.159612149313810840e+07
-7.995577999999999884e+04 3.158825956028919294e+07
-7.985577999999999884e+04 3.158041184071618691e+07
-7.975577999999999884e+04 3.157257867273992673e+07
-7.965577999999999884e+04 3.156476039365516603e+07
-7.955577999999999884e+04 3.155695733973350748e+07
-7.945577999999999884e+04 3.154916984622608498e+07
-7.935577999999999884e+04 3.154139824736637995e+07
-7.925577999999999884e+04 3.153364287637303770e+07
-7.915577999999999884e+04 3.152590406545263529e+07
-7.905577999999999884e+04 3.151818214580249041e+07
-7.895577999999999884e+04 3.151047744761337340e+07
-7.885577999999999884e+04 3.150279030007239804e+07
-7.875577999999999884e+04 3.149512103136576340e+07
-7.865577999999999884e+04 3.148746996868151426e+07
-7.855577999999999884e+04 3.147983743821235746e+07
-7.845577999999999884e+04 3.147222376515850425e+07
-7.835577999999999884e+04 3.146462927373034135e+07
-7.825577999999999884e+04 3.145705428715130687e+07
-7.815577999999999884e+04 3.144949912766068429e+07
-7.805577999999999884e+04 3.144196411651628837e+07
-7.795577999999999884e+04 3.143444957399739698e+07
-7.785577999999999884e+04 3.142695581940742210e+07
-7.775577999999999884e+04 3.141948317107678950e+07
-7.765577999999999884e+04 3.141203194636563957e+07
-7.755577999999999884e+04 3.140460246166665852e+07
-7.745577999999999884e+04 3.139719503240790218e+07
-7.735577999999999884e+04 3.138980997305551544e+07
-7.725577999999999884e+04 3.138244759711657092e+07
-7.715577999999999884e+04 3.137510821714181453e+07
-7.705577999999999884e+04 3.136779214472850785e+07
-7.695577999999999884e+04 3.136049969052318111e+07
-7.685577999999999884e+04 3.135323116422440857e+07
-7.675577999999999884e+04 3.134598687458564714e+07
-7.665577999999999884e+04 3.133876712941795960e+07
-7.655577999999999884e+04 3.133157223559285700e+07
-7.645577999999999884e+04 3.132440249904504791e+07
-7.635577999999999884e+04 3.131725822477528453e+07
-7.625577999999999884e+04 3.131013971685307845e+07
-7.615577999999999884e+04 3.130304727841951698e+07
-7.605577999999999884e+04 3.129598121169007570e+07
-7.595577999999999884e+04 3.128894181795739383e+07
-7.585577999999999884e+04 3.128192939759403840e+07
-7.575577999999999884e+04 3.127494425005529821e+07
-7.565577999999999884e+04 3.126798667388202995e+07
-7.555577999999999884e+04 3.126105696670335159e+07
-7.545577999999999884e+04 3.125415542523951828e+07
-7.535577999999999884e+04 3.124728234530465305e+07
-7.525577999999999884e+04 3.124043802180955186e+07
-7.515577999999999884e+04 3.123362274876447022e+07
-7.505577999999999884e+04 3.122683681928195432e+07
-7.495577999999999884e+04 3.122008052557953447e+07
-7.485577999999999884e+04 3.121335415898263454e+07
-7.475577999999999884e+04 3.120665800992721319e+07
-7.465577999999999884e+04 3.119999236796268448e+07
-7.455577999999999884e+04 3.119335752175468951e+07
-7.445577999999999884e+04 3.118675375908777863e+07
-7.435577999999999884e+04 3.118018136686832085e+07
-7.425577999999999884e+04 3.117364063112721592e+07
-7.415577999999999884e+04 3.116713183702271804e+07
-7.405577999999999884e+04 3.116065526884324104e+07
-7.395577999999999884e+04 3.115421121001010761e+07
-7.385577999999999884e+04 3.114779994308031723e+07
-7.375577999999999884e+04 3.114142174974940717e+07
-7.365577999999999884e+04 3.113507691085421294e+07
-7.355577999999999884e+04 3.112876570637559518e+07
-7.345577999999999884e+04 3.112248841544135660e+07
-7.335577999999999884e+04 3.111624531632884592e+07
-7.325577999999999884e+04 3.111003668646796048e+07
-7.315577999999999884e+04 3.110386280244376510e+07
-7.305577999999999884e+04 3.109772393999936804e+07
-7.295577999999999884e+04 3.109162037403865531e+07
-7.285577999999999884e+04 3.108555237862914056e+07
-7.275577999999999884e+04 3.107952022700468451e+07
-7.265577999999999884e+04 3.107352419156835973e+07
-7.255577999999999884e+04 3.106756454389518872e+07
-7.245577999999999884e+04 3.106164155473489314e+07
-7.235577999999999884e+04 3.105575549401478469e+07
-7.225577999999999884e+04 3.104990663084248453e+07
-7.215577999999999884e+04 3.104409523350872099e+07
-7.205577999999999884e+04 3.103832156949012727e+07
-7.195577999999999884e+04 3.103258590545200557e+07
-7.185577999999999884e+04 3.102688850725118443e+07
-7.175577999999999884e+04 3.102122963993868232e+07
-7.165577999999999884e+04 3.101560956776265427e+07
-7.155577999999999884e+04 3.101002855417102948e+07
-7.145577999999999884e+04 3.100448686181441322e+07
-7.135577999999999884e+04 3.099898475254879892e+07
-7.125577999999999884e+04 3.099352248743840680e+07
-7.115577999999999884e+04 3.098810032675845176e+07
-7.105577999999999884e+04 3.098271852999791503e+07
-7.095577999999999884e+04 3.097737735586234927e+07
-7.085577999999999884e+04 3.097207706227669120e+07
-7.075577999999999884e+04 3.096681790638801083e+07
-7.065577999999999884e+04 3.096160014456832036e+07
-7.055577999999999884e+04 3.095642403241733462e+07
-7.045577999999999884e+04 3.095128982476529852e+07
-7.035577999999999884e+04 3.094619777567577735e+07
-7.025577999999999884e+04 3.094114813844839856e+07
-7.015577999999999884e+04 3.093614116562166438e+07
-7.005577999999999884e+04 3.093117710897577181e+07
-6.995577999999999884e+04 3.092625621953532845e+07
-6.985577999999999884e+04 3.092137874757224321e+07
-6.975577999999999884e+04 3.091654494260841236e+07
-6.965577999999999884e+04 3.091175505341855437e+07
-6.955577999999999884e+04 3.090700932803301886e+07
-6.945577999999999884e+04 3.090230801374050975e+07
-6.935577999999999884e+04 3.089765135709098354e+07
-6.925577999999999884e+04 3.089303960389827192e+07
-6.915577999999999884e+04 3.088847299924306571e+07
-6.905577999999999884e+04 3.088395178747554868e+07
-6.895577999999999884e+04 3.087947621221824363e+07
-6.885577999999999884e+04 3.087504651636883616e+07
-6.875577999999999884e+04 3.087066294210287556e+07
-6.865577999999999884e+04 3.086632573087663949e+07
-6.855577999999999884e+04 3.086203512342989072e+07
-6.845577999999999884e+04 3.085779135978868976e+07
-6.835577999999999884e+04 3.085359467926814035e+07
-6.825577999999999884e+04 3.084944532047520205e+07
-6.815577999999999884e+04 3.084534352131149173e+07
-6.805577999999999884e+04 3.084128951897603646e+07
-6.795577999999999884e+04 3.083728354996812716e+07
-6.785577999999999884e+04 3.083332585008999705e+07
-6.775577999999999884e+04 3.082941665444972739e+07
-6.765577999999999884e+04 3.082555619746397808e+07
-6.755577999999999884e+04 3.082174471286076307e+07
-6.745577999999999884e+04 3.081798243368228897e+07
-6.735577999999999884e+04 3.081426959228766710e+07
-6.725577999999999884e+04 3.081060642035576329e+07
-6.715577999999999884e+04 3.080699314888799563e+07
-6.705577999999999884e+04 3.080343000821108744e+07
-6.695577999999999884e+04 3.079991722797983512e+07
-6.685577999999999884e+04 3.079645503717996553e+07
-6.675577999999999884e+04 3.079304366413084418e+07
-6.665577999999999884e+04 3.078968333648833260e+07
-6.655577999999999884e+04 3.078637428124757856e+07
-6.645577999999999884e+04 3.078311672474567592e+07
-6.635577999999999884e+04 3.077991089266465977e+07
-6.625577999999999884e+04 3.077675701003410667e+07
-6.615577999999999884e+04 3.077365530123406649e+07
-6.605577999999999884e+04 3.077060598999773711e+07
-6.595577999999999884e+04 3.076760929941432178e+07
-6.585577999999999884e+04 3.076466545193180442e+07
-6.575577999999999884e+04 3.076177466935969889e+07
-6.565577999999999884e+04 3.075893717287191376e+07
-6.555577999999999884e+04 3.075615318300947174e+07
-6.545577999999999884e+04 3.075342291968332604e+07
-6.535577999999999884e+04 3.075074660217713937e+07
-6.525577999999999884e+04 3.074812444915009663e+07
-6.515577999999999884e+04 3.074555667863965780e+07
-6.505577999999999884e+04 3.074304350806436315e+07
-6.495577999999999884e+04 3.074058515422662348e+07
-6.485577999999999884e+04 3.073818183331550658e+07
-6.475577999999999884e+04 3.073583376090953499e+07
-6.465577999999999884e+04 3.073354115197946876e+07
-6.455577999999999884e+04 3.073130422089105844e+07
-6.445577999999999884e+04 3.072912318140788749e+07
-6.435577999999999884e+04 3.072699824669414014e+07
-6.425577999999999884e+04 3.072492962931738421e+07
-6.415577999999999884e+04 3.072291754125134647e+07
-6.405577999999999884e+04 3.072096219387873262e+07
-6.395577999999999884e+04 3.071906379799400643e+07
-6.385577999999999884e+04 3.071722256380614638e+07
-6.375577999999999884e+04 3.071543870094148815e+07
-6.365577999999999884e+04 3.071371241844645143e+07
-6.355577999999999884e+04 3.071204392479039356e+07
-6.345577999999999884e+04 3.071043342786834016e+07
-6.335577999999999884e+04 3.070888113500380516e+07
-6.325577999999999884e+04 3.070738725295158476e+07
-6.315577999999999884e+04 3.070595198790050671e+07
-6.305577999999999884e+04 3.070457554547626153e+07
-6.295577999999999884e+04 3.070325813074417785e+07
-6.285577999999999884e+04 3.070199994821199030e+07
-6.275577999999999884e+04 3.070080120183267817e+07
-6.265577999999999884e+04 3.069966209500715882e+07
-6.255577999999999884e+04 3.069858283058718964e+07
-6.245577999999999884e+04 3.069756361087810248e+07
-6.235577999999999884e+04 3.069660463764156401e+07
-6.225577999999999884e+04 3.069570611209839955e+07
-6.215577999999999884e+04 3.069486823493137956e+07
-6.205577999999999884e+04 3.069409120628802478e+07
-6.195577999999999884e+04 3.069337522578334063e+07
-6.185577999999999884e+04 3.069272049250267074e+07
-6.175577999999999884e+04 3.069212720500439405e+07
-6.165577999999999884e+04 3.069159556132284179e+07
-6.155577999999999884e+04 3.069112575897096097e+07
-6.145577999999999884e+04 3.069071799494319782e+07
-6.135577999999999884e+04 3.069037246571822464e+07
-6.125577999999999884e+04 3.069008936726172268e+07
-6.115577999999999884e+04 3.068986889502926171e+07
-6.105577999999999884e+04 3.068971124396894872e+07
-6.095577999999999884e+04 3.068961660852437466e+07
-6.085577999999999884e+04 3.068958518263720721e+07
-6.075577999999999884e+04 3.068961715975020453e+07
-6.065577999999999884e+04 3.068971273280982673e+07
-6.055577999999999884e+04 3.068987209426907822e+07
-6.045577999999999884e+04 3.069009543609035760e+07
-6.035577999999999884e+04 3.069038294974812865e+07
-6.025577999999999884e+04 3.069073482623181492e+07
-6.015577999999999884e+04 3.069115125604854897e+07
-6.005577999999999884e+04 3.069163242922591791e+07
-5.995577999999999884e+04 3.069217853531485796e+07
-5.985577999999999884e+04 3.069278976339229569e+07
-5.975577999999999884e+04 3.069346630206406862e+07
-5.965577999999999884e+04 3.069420833946765214e+07
-5.955577999999999884e+04 3.069501606327496842e+07
-5.945577999999999884e+04 3.069588966069512069e+07
-5.935577999999999884e+04 3.069682931847728044e+07
-5.925577999999999884e+04 3.069783522291337699e+07
-5.915577999999999884e+04 3.069890755984095111e+07
-5.905577999999999884e+04 3.070004651464591920e+07
-5.895577999999999884e+04 3.070125227226535231e+07
-5.885577999999999884e+04 3.070252501719027385e+07
-5.875577999999999884e+04 3.070386493346846104e+07
-5.865577999999999884e+04 3.070527220470722020e+07
-5.855577999999999884e+04 3.070674701407617703e+07
-5.845577999999999884e+04 3.070828954431004450e+07
-5.835577999999999884e+04 3.070989997771145031e+07
-5.825577999999999884e+04 3.071157849615369737e+07
-5.815577999999999884e+04 3.071332528108358011e+07
-5.805577999999999884e+04 3.071514051352412254e+07
-5.795577999999999884e+04 3.071702437407741323e+07
-5.785577999999999884e+04 3.071897704292736575e+07
-5.775577999999999884e+04 3.072099869984253868e+07
-5.765577999999999884e+04 3.072308952417888120e+07
-5.755577999999999884e+04 3.072524969488257170e+07
-5.745577999999999884e+04 3.072747939049272984e+07
-5.735577999999999884e+04 3.072977878914432973e+07
-5.725577999999999884e+04 3.073214806857082620e+07
-5.715577999999999884e+04 3.073458740610707551e+07
-5.705577999999999884e+04 3.073709697869208828e+07
-5.695577999999999884e+04 3.073967696287176386e+07
-5.685577999999999884e+04 3.074232753480176628e+07
-5.675577999999999884e+04 3.074504887025022879e+07
-5.665577999999999884e+04 3.074784114460060000e+07
-5.655577999999999884e+04 3.075070453285441175e+07
-5.645577999999999884e+04 3.075363920963406935e+07
-5.635577999999999884e+04 3.075664534918562695e+07
-5.625577999999999884e+04 3.075972312538159639e+07
-5.615577999999999884e+04 3.076287271172374487e+07
-5.605577999999999884e+04 3.076609428134582192e+07
-5.595577999999999884e+04 3.076938800701642409e+07
-5.585577999999999884e+04 3.077275406114175543e+07
-5.575577999999999884e+04 3.077619261576836556e+07
-5.565577999999999884e+04 3.077970384258605540e+07
-5.555577999999999884e+04 3.078328791293051466e+07
-5.545577999999999884e+04 3.078694499778623879e+07
-5.535577999999999884e+04 3.079067526778924093e+07
-5.525577999999999884e+04 3.079447889322990552e+07
-5.515577999999999884e+04 3.079835604405568168e+07
-5.505577999999999884e+04 3.080230688987395912e+07
-5.495577999999999884e+04 3.080633159995482862e+07
-5.485577999999999884e+04 3.081043034323385358e+07
-5.475577999999999884e+04 3.081460328831487522e+07
-5.465577999999999884e+04 3.081885060347277299e+07
-5.455577999999999884e+04 3.082317245665634051e+07
-5.445577999999999884e+04 3.082756901549092308e+07
-5.435577999999999884e+04 3.083204044728135690e+07
-5.425577999999999884e+04 3.083658691901467741e+07
-5.415577999999999884e+04 3.084120859736290202e+07
-5.405577999999999884e+04 3.084590564868585765e+07
-5.395577999999999884e+04 3.085067823903395608e+07
-5.385577999999999884e+04 3.085552653415095806e+07
-5.375577999999999884e+04 3.086045069947678223e+07
-5.365577999999999884e+04 3.086545090015032142e+07
-5.355577999999999884e+04 3.087052730101216212e+07
-5.345577999999999884e+04 3.087568006660744175e+07
-5.335577999999999884e+04 3.088090936118859425e+07
-5.325577999999999884e+04 3.088621534871812910e+07
-5.315577999999999884e+04 3.089159819287148118e+07
-5.305577999999999884e+04 3.089705805703973770e+07
-5.295577999999999884e+04 3.090259510433244333e+07
-5.285577999999999884e+04 3.090820949758041278e+07
-5.275577999999999884e+04 3.091390139933847636e+07
-5.265577999999999884e+04 3.091967097188831493e+07
-5.255577999999999884e+04 3.092551837724120170e+07
-5.245577999999999884e+04 3.093144377714084089e+07
-5.235577999999999884e+04 3.093744733306608722e+07
-5.225577999999999884e+04 3.094352920623381436e+07
-5.215577999999999884e+04 3.094968955760166049e+07
-5.205577999999999884e+04 3.095592854787079990e+07
-5.195577999999999884e+04 3.096224633748875931e+07
-5.185577999999999884e+04 3.096864308665221557e+07
-5.175577999999999884e+04 3.097511895530974492e+07
-5.165577999999999884e+04 3.098167410316463560e+07
-5.155577999999999884e+04 3.098830868967769295e+07
-5.145577999999999884e+04 3.099502287406999990e+07
-5.135577999999999884e+04 3.100181681532569230e+07
-5.125577999999999884e+04 3.100869067219480500e+07
-5.115577999999999884e+04 3.101564460319599882e+07
-5.105577999999999884e+04 3.102267876661939174e+07
-5.095577999999999884e+04 3.102979332052930072e+07
-5.085577999999999884e+04 3.103698842276709527e+07
-5.075577999999999884e+04 3.104426423095393553e+07
-5.065577999999999884e+04 3.105162090249354765e+07
-5.055577999999999884e+04 3.105905859457508475e+07
-5.045577999999999884e+04 3.106657746417583898e+07
-5.035577999999999884e+04 3.107417766806406900e+07
-5.025577999999999884e+04 3.108185936280176789e+07
-5.015577999999999884e+04 3.108962270474748313e+07
-5.005577999999999884e+04 3.109746785005908459e+07
-4.995577999999999884e+04 3.110539495469650999e+07
-4.985577999999999884e+04 3.111340417442466691e+07
-4.975577999999999884e+04 3.112149566481607780e+07
-4.965577999999999884e+04 3.112966958125380799e+07
-4.955577999999999884e+04 3.113792607893412933e+07
-4.945577999999999884e+04 3.114626531286939234e+07
-4.935577999999999884e+04 3.115468743789078668e+07
-4.925577999999999884e+04 3.116319260865113512e+07
-4.915577999999999884e+04 3.117178097962767258e+07
-4.905577999999999884e+04 3.118045270512482151e+07
-4.895577999999999884e+04 3.118920793927704170e+07
-4.885577999999999884e+04 3.119804683605151623e+07
-4.875577999999999884e+04 3.120696954925106466e+07
-4.865577999999999884e+04 3.121597623251679540e+07
-4.855577999999999884e+04 3.122506703933101147e+07
-4.845577999999999884e+04 3.123424212301993743e+07
-4.835577999999999884e+04 3.124350163675651699e+07
-4.825577999999999884e+04 3.125284573356321827e+07
-4.815577999999999884e+04 3.126227456631479412e+07
-4.805577999999999884e+04 3.127178828774109483e+07
-4.795577999999999884e+04 3.128138705042983219e+07
-4.785577999999999884e+04 3.129107100682940707e+07
-4.775577999999999884e+04 3.130084030925164372e+07
-4.765577999999999884e+04 3.131069510987463593e+07
-4.755577999999999884e+04 3.132063556074549258e+07
-4.745577999999999884e+04 3.133066181378313899e+07
-4.735577999999999884e+04 3.134077402078111470e+07
-4.725577999999999884e+04 3.135097233341033757e+07
-4.715577999999999884e+04 3.136125690322193876e+07
-4.705577999999999884e+04 3.137162788164997473e+07
-4.695577999999999884e+04 3.138208542001430690e+07
-4.685577999999999884e+04 3.139262966952331737e+07
-4.675577999999999884e+04 3.140326078127672523e+07
-4.665577999999999884e+04 3.141397890626838431e+07
-4.655577999999999884e+04 3.142478419538904354e+07
-4.645577999999999884e+04 3.143567679942918196e+07
-4.635577999999999884e+04 3.144665686908174306e+07
-4.625577999999999884e+04 3.145772455494495109e+07
-4.615577999999999884e+04 3.146888000752509758e+07
-4.605577999999999884e+04 3.148012337723932415e+07
-4.595577999999999884e+04 3.149145481441843510e+07
-4.585577999999999884e+04 3.150287446930962801e+07
-4.575577999999999884e+04 3.151438249207935110e+07
-4.565577999999999884e+04 3.152597903281605244e+07
-4.555577999999999884e+04 3.153766424153295159e+07
-4.545577999999999884e+04 3.154943826817088574e+07
-4.535577999999999884e+04 3.156130126260104403e+07
-4.525577999999999884e+04 3.157325337462777644e+07
-4.515577999999999884e+04 3.158529475399138406e+07
-4.505577999999999884e+04 3.159742555037090555e+07
-4.495577999999999884e+04 3.160964591338691115e+07
-4.485577999999999884e+04 3.162195599260426685e+07
-4.475577999999999884e+04 3.163435593753495067e+07
-4.465577999999999884e+04 3.164684589764083549e+07
-4.455577999999999884e+04 3.165942602233645692e+07
-4.445577999999999884e+04 3.167209646099182591e+07
-4.435577999999999884e+04 3.168485736293520778e+07
-4.425577999999999884e+04 3.169770887745591998e+07
-4.415577999999999884e+04 3.171065115380709246e+07
-4.405577999999999884e+04 3.172368434120847657e+07
-4.395577999999999884e+04 3.173680858884924650e+07
-4.385577999999999884e+04 3.175002404589076713e+07
-4.375577999999999884e+04 3.176333086146936938e+07
-4.365577999999999884e+04 3.177672918469918519e+07
-4.355577999999999884e+04 3.179021916467488557e+07
-4.345577999999999884e+04 3.180380095047449321e+07
-4.335577999999999884e+04 3.181747469116218388e+07
-4.325577999999999884e+04 3.183124053579103947e+07
-4.315577999999999884e+04 3.184509863340586424e+07
-4.305577999999999884e+04 3.185904913304596022e+07
-4.295577999999999884e+04 3.187309218374793231e+07
-4.285577999999999884e+04 3.188722793454844877e+07
-4.275577999999999884e+04 3.190145653448705748e+07
-4.265577999999999884e+04 3.191577813260895386e+07
-4.255577999999999884e+04 3.193019287796777487e+07
-4.245577999999999884e+04 3.194470091962839663e+07
-4.235577999999999884e+04 3.195930240666970238e+07
-4.225577999999999884e+04 3.197399748818740249e+07
-4.215577999999999884e+04 3.198878631329678372e+07
-4.205577999999999884e+04 3.200366903113554418e+07
-4.195577999999999884e+04 3.201864579086653143e+07
-4.185577999999999884e+04 3.203371674168054760e+07
-4.175577999999999884e+04 3.204888203279918432e+07
-4.165577999999999884e+04 3.206414181347752735e+07
-4.155577999999999884e+04 3.207949623300701752e+07
-4.145577999999999884e+04 3.209494544071818516e+07
-4.135577999999999884e+04 3.211048958598349988e+07
-4.125577999999999884e+04 3.212612881822008640e+07
-4.115577999999999884e+04 3.214186328689256683e+07
-4.105577999999999884e+04 3.215769314151583612e+07
-4.095577999999999884e+04 3.217361853165782616e+07
-4.085577999999999884e+04 3.218963960694231838e+07
-4.075577999999999884e+04 3.220575651705174521e+07
-4.065577999999999884e+04 3.222196941172993183e+07
-4.055577999999999884e+04 3.223827844078495353e+07
-4.045577999999999884e+04 3.225468375409182534e+07
-4.035577999999999884e+04 3.227118550159540027e+07
-4.025577999999999884e+04 3.228778383331307769e+07
-4.015577999999999884e+04 3.230447889933762699e+07
-4.005577999999999884e+04 3.232127084983996674e+07
-3.995577999999999884e+04 3.233815983507195115e+07
-3.985577999999999884e+04 3.235514600536917523e+07
-3.975577999999999884e+04 3.237222951115372404e+07
-3.965577999999999884e+04 3.238941050293701515e+07
-3.955577999999999884e+04 3.240668913132252917e+07
-3.945577999999999884e+04 3.242406554700865969e+07
-3.935577999999999884e+04 3.244153990079144761e+07
-3.925577999999999884e+04 3.245911234356737882e+07
-3.915577999999999884e+04 3.247678302633621544e+07
-3.905577999999999884e+04 3.249455210020373389e+07
-3.895577999999999884e+04 3.251241971638452634e+07
-3.885577999999999884e+04 3.253038602620481327e+07
-3.875577999999999884e+04 3.254845118110520393e+07
-3.865577999999999884e+04 3.256661533264349028e+07
-3.855577999999999884e+04 3.258487863249743730e+07
-3.845577999999999884e+04 3.260324123246758804e+07
-3.835577999999999884e+04 3.262170328448003158e+07
-3.825577999999999884e+04 3.264026494058917835e+07
-3.815577999999999884e+04 3.265892635298058763e+07
-3.805577999999999884e+04 3.267768767397372425e+07
-3.795577999999999884e+04 3.269654905602476373e+07
-3.785577999999999884e+04 3.271551065172937140e+07
-3.775577999999999884e+04 3.273457261382549629e+07
-3.765577999999999884e+04 3.275373509519615024e+07
-3.755577999999999884e+04 3.277299824887220562e+07
-3.745577999999999884e+04 3.279236222803518549e+07
-3.735577999999999884e+04 3.281182718602003530e+07
-3.725577999999999884e+04 3.283139327631794289e+07
-3.715577999999999884e+04 3.285106065257908031e+07
-3.705577999999999884e+04 3.287082946861544997e+07
-3.695577999999999884e+04 3.289069987840361148e+07
-3.685577999999999884e+04 3.291067203608751297e+07
-3.675577999999999884e+04 3.293074609598127007e+07
-3.665577999999999884e+04 3.295092221257194132e+07
-3.655577999999999884e+04 3.297120054052234814e+07
-3.645577999999999884e+04 3.299158123467379808e+07
-3.635577999999999884e+04 3.301206445004895329e+07
-3.625577999999999884e+04 3.303265034185457230e+07
-3.615577999999999884e+04 3.305333906548430398e+07
-3.605577999999999884e+04 3.307413077652146667e+07
-3.595577999999999884e+04 3.309502563074186817e+07
-3.585577999999999884e+04 3.311602378411657736e+07
-3.575577999999999884e+04 3.313712539281468093e+07
-3.565577999999999884e+04 3.315833061320612952e+07
-3.555577999999999884e+04 3.317963960186448693e+07
-3.545577999999999884e+04 3.320105251556972414e+07
-3.535577999999999884e+04 3.322256951131100953e+07
-3.525577999999999884e+04 3.324419074628951401e+07
-3.515577999999999884e+04 3.326591637792118266e+07
-3.505577999999999884e+04 3.328774656383951008e+07
-3.495577999999999884e+04 3.330968146189835295e+07
-3.485577999999999884e+04 3.333172123017470911e+07
-3.475577999999999884e+04 3.335386602697150782e+07
-3.465577999999999884e+04 3.337611601082038507e+07
-3.455577999999999884e+04 3.339847134048450366e+07
-3.445577999999999884e+04 3.342093217496129870e+07
-3.435577999999999884e+04 3.344349867348529771e+07
-3.425577999999999884e+04 3.346617099553091079e+07
-3.415577999999999884e+04 3.348894930081517994e+07
-3.405577999999999884e+04 3.351183374930062145e+07
-3.395577999999999884e+04 3.353482450119796395e+07
-3.385577999999999884e+04 3.355792171696899086e+07
-3.375577999999999884e+04 3.358112555732925236e+07
-3.365577999999999884e+04 3.360443618325094879e+07
-3.355577999999999884e+04 3.362785375596563518e+07
-3.345577999999999884e+04 3.365137843696705252e+07
-3.335577999999999884e+04 3.367501038801391423e+07
-3.325577999999999884e+04 3.369874977113267779e+07
-3.315577999999999884e+04 3.372259674862035364e+07
-3.305577999999999884e+04 3.374655148304727674e+07
-3.295577999999999884e+04 3.377061413725987822e+07
-3.285577999999999884e+04 3.379478487438354641e+07
-3.275577999999999884e+04 3.381906385782533139e+07
-3.265577999999999884e+04 3.384345125127674639e+07
-3.255577999999999884e+04 3.386794721871662140e+07
-3.245577999999999884e+04 3.389255192441383004e+07
-3.235577999999999884e+04 3.391726553293006867e+07
-3.225577999999999884e+04 3.394208820912270248e+07
-3.215577999999999884e+04 3.396702011814752221e+07
-3.205577999999999884e+04 3.399206142546149343e+07
-3.195577999999999884e+04 3.401721229682563990e+07
-3.185577999999999884e+04 3.404247289830772579e+07
-3.175577999999999884e+04 3.406784339628510922e+07
-3.165577999999999884e+04 3.409332395744751394e+07
-3.155577999999999884e+04 3.411891474879983068e+07
-3.145577999999999884e+04 3.414461593766488880e+07
-3.135577999999999884e+04 3.417042769168622792e+07
-3.125577999999999884e+04 3.419635017883092910e+07
-3.115577999999999884e+04 3.422238356739237905e+07
-3.105577999999999884e+04 3.424852802599304169e+07
-3.095577999999999884e+04 3.427478372358728200e+07
-3.085577999999999884e+04 3.430115082946414500e+07
-3.075577999999999884e+04 3.432762951325011998e+07
-3.065577999999999884e+04 3.435421994491193444e+07
-3.055577999999999884e+04 3.438092229475939274e+07
-3.045577999999999884e+04 3.440773673344809562e+07
-3.035577999999999884e+04 3.443466343198224902e+07
-3.025577999999999884e+04 3.446170256171748042e+07
-3.015577999999999884e+04 3.448885429436361790e+07
-3.005577999999999884e+04 3.451611880198743194e+07
-2.995577999999999884e+04 3.454349625701548904e+07
-2.985577999999999884e+04 3.457098683223690838e+07
-2.975577999999999884e+04 3.459859070080614090e+07
-2.965577999999999884e+04 3.462630803624577075e+07
-2.955577999999999884e+04 3.465413901244930923e+07
-2.945577999999999884e+04 3.468208380368397385e+07
-2.935577999999999884e+04 3.471014258459348977e+07
-2.925577999999999884e+04 3.473831553020083159e+07
-2.915577999999999884e+04 3.476660281591108441e+07
-2.905577999999999884e+04 3.479500461751418561e+07
-2.895577999999999884e+04 3.482352111118771136e+07
-2.885577999999999884e+04 3.485215247349967808e+07
-2.875577999999999884e+04 3.488089888141133636e+07
-2.865577999999999884e+04 3.490976051227995753e+07
-2.855577999999999884e+04 3.493873754386159778e+07
-2.845577999999999884e+04 3.496783015431391448e+07
-2.835577999999999884e+04 3.499703852219893783e+07
-2.825577999999999884e+04 3.502636282648586482e+07
-2.815577999999999884e+04 3.505580324655388296e+07
-2.805577999999999884e+04 3.508535996219485998e+07
-2.795577999999999884e+04 3.511503315361625701e+07
-2.785577999999999884e+04 3.514482300144381076e+07
-2.775577999999999884e+04 3.517472968672440946e+07
-2.765577999999999884e+04 3.520475339092879742e+07
-2.755577999999999884e+04 3.523489429595442116e+07
-2.745577999999999884e+04 3.526515258412821591e+07
-2.735577999999999884e+04 3.529552843820937723e+07
-2.725577999999999884e+04 3.532602204139210284e+07
-2.715577999999999884e+04 3.535663357730849832e+07
-2.705577999999999884e+04 3.538736323003125191e+07
-2.695577999999999884e+04 3.541821118407648802e+07
-2.685577999999999884e+04 3.544917762440652400e+07
-2.675577999999999884e+04 3.548026273643267155e+07
-2.665577999999999884e+04 3.551146670601800829e+07
-2.655577999999999884e+04 3.554278971948022395e+07
-2.645577999999999884e+04 3.557423196359431744e+07
-2.635577999999999884e+04 3.560579362559545040e+07
-2.625577999999999884e+04 3.563747489318172634e+07
-2.615577999999999884e+04 3.566927595451696217e+07
-2.605577999999999884e+04 3.570119699823347479e+07
-2.595577999999999884e+04 3.573323821343490481e+07
-2.585577999999999884e+04 3.576539978969895840e+07
-2.575577999999999884e+04 3.579768191708021611e+07
-2.565577999999999884e+04 3.583008478611294180e+07
-2.555577999999999884e+04 3.586260858781382442e+07
-2.545577999999999884e+04 3.589525351368480921e+07
-2.535577999999999884e+04 3.592801975571585447e+07
-2.525577999999999884e+04 3.596090750638777018e+07
-2.515577999999999884e+04 3.599391695867493004e+07
-2.505577999999999884e+04 3.602704830604811013e+07
-2.495577999999999884e+04 3.606030174247726798e+07
-2.485577999999999884e+04 3.609367746243436635e+07
-2.475577999999999884e+04 3.612717566089607030e+07
-2.465577999999999884e+04 3.616079653334661573e+07
-2.455577999999999884e+04 3.619454027578058094e+07
-2.445577999999999884e+04 3.622840708470566571e+07
-2.435577999999999884e+04 3.626239715714544803e+07
-2.425577999999999884e+04 3.629651069064224511e+07
-2.415577999999999884e+04 3.633074788325984776e+07
-2.405577999999999884e+04 3.636510893358632177e+07
-2.395577999999999884e+04 3.639959404073677212e+07
-2.385577999999999884e+04 3.643420340435621887e+07
-2.375577999999999884e+04 3.646893722462224960e+07
-2.365577999999999884e+04 3.650379570224793255e+07
-2.355577999999999884e+04 3.653877903848452866e+07
-2.345577999999999884e+04 3.657388743512430042e+07
-2.335577999999999884e+04 3.660912109450332075e+07
-2.325577999999999884e+04 3.664448021950424463e+07
-2.315577999999999884e+04 3.667996501355907321e+07
-2.305577999999999884e+04 3.671557568065200001e+07
-2.295577999999999884e+04 3.675131242532212287e+07
-2.285577999999999884e+04 3.678717545266631991e+07
-2.275577999999999884e+04 3.682316496834196150e+07
-2.265577999999999884e+04 3.685928117856973410e+07
-2.255577999999999884e+04 3.689552429013644159e+07
-2.245577999999999884e+04 3.693189451039775461e+07
-2.235577999999999884e+04 3.696839204728102684e+07
-2.225577999999999884e+04 3.700501710928808898e+07
-2.215577999999999884e+04 3.704176990549799800e+07
-2.205577999999999884e+04 3.707865064556988329e+07
-2.195577999999999884e+04 3.711565953974568099e+07
-2.185577999999999884e+04 3.715279679885295033e+07
-2.175577999999999884e+04 3.719006263430766761e+07
-2.165577999999999884e+04 3.722745725811698288e+07
-2.155577999999999884e+04 3.726498088288204372e+07
-2.145577999999999884e+04 3.730263372180076689e+07
-2.135577999999999884e+04 3.734041598867062479e+07
-2.125577999999999884e+04 3.737832789789144695e+07
-2.115577999999999884e+04 3.741636966446817666e+07
-2.105577999999999884e+04 3.745454150401370227e+07
-2.095577999999999884e+04 3.749284363275162131e+07
-2.085577999999999884e+04 3.753127626751901954e+07
-2.075577999999999884e+04 3.756983962576927990e+07
-2.065577999999999884e+04 3.760853392557486147e+07
-2.055577999999999884e+04 3.764735938563009351e+07
-2.045577999999999884e+04 3.768631622525395453e+07
-2.035577999999999884e+04 3.772540466439286619e+07
-2.025577999999999884e+04 3.776462492362347990e+07
-2.015577999999999884e+04 3.780397722415545583e+07
-2.005577999999999884e+04 3.784346178783427924e+07
-1.995577999999999884e+04 3.788307883714400977e+07
-1.985577999999999884e+04 3.792282859521012753e+07
-1.975577999999999884e+04 3.796271128580223024e+07
-1.965577999999999884e+04 3.800272713333691657e+07
-1.955577999999999884e+04 3.804287636288051307e+07
-1.945577999999999884e+04 3.808315920015190542e+07
-1.935577999999999884e+04 3.812357587152528018e+07
-1.925577999999999884e+04 3.816412660403294116e+07
-1.915577999999999884e+04 3.820481162536810338e+07
-1.905577999999999884e+04 3.824563116388765723e+07
-1.895577999999999884e+04 3.828658544861499965e+07
-1.885577999999999884e+04 3.832767470924276114e+07
-1.875577999999999884e+04 3.836889917613563687e+07
-1.865577999999999884e+04 3.841025908033316582e+07
-1.855577999999999884e+04 3.845175465355253220e+07
-1.845577999999999884e+04 3.849338612819131464e+07
-1.835577999999999884e+04 3.853515373733031750e+07
-1.825577999999999884e+04 3.857705771473633498e+07
-1.815577999999999884e+04 3.861909829486493766e+07
-1.805577999999999884e+04 3.866127571286328137e+07
-1.795577999999999884e+04 3.870359020457288623e+07
-1.785577999999999884e+04 3.874604200653239340e+07
-1.775577999999999884e+04 3.878863135598041117e+07
-1.765577999999999884e+04 3.883135849085827172e+07
-1.755577999999999884e+04 3.887422364981278777e+07
-1.745577999999999884e+04 3.891722707219912857e+07
-1.735577999999999884e+04 3.896036899808350205e+07
-1.725577999999999884e+04 3.900364966824601591e+07
-1.715577999999999884e+04 3.904706932418345660e+07
-1.705577999999999884e+04 3.909062820811205357e+07
-1.695577999999999884e+04 3.913432656297026575e+07
-1.685577999999999884e+04 3.917816463242161274e+07
-1.675577999999999884e+04 3.922214266085741669e+07
-1.665577999999999884e+04 3.926626089339960366e+07
-1.655577999999999884e+04 3.931051957590351254e+07
-1.645577999999999884e+04 3.935491895496065915e+07
-1.635577999999999884e+04 3.939945927790152282e+07
-1.625577999999999884e+04 3.944414079279836267e+07
-1.615577999999999884e+04 3.948896374846798182e+07
-1.605577999999999884e+04 3.953392839447450638e+07
-1.595577999999999884e+04 3.957903498113220185e+07
-1.585577999999999884e+04 3.962428375950824469e+07
-1.575577999999999884e+04 3.966967498142553121e+07
-1.565577999999999884e+04 3.971520889946542680e+07
-1.555577999999999884e+04 3.976088576697058231e+07
-1.545577999999999884e+04 3.980670583804771304e+07
-1.535577999999999884e+04 3.985266936757040024e+07
-1.525577999999999884e+04 3.989877661118185520e+07
-1.515577999999999884e+04 3.994502782529774308e+07
-1.505577999999999884e+04 3.999142326710892469e+07
-1.495577999999999884e+04 4.003796319458428770e+07
-1.485577999999999884e+04 4.008464786647352576e+07
-1.475577999999999884e+04 4.013147754230988026e+07
-1.465577999999999884e+04 4.017845248241300881e+07
-1.455577999999999884e+04 4.022557294789170474e+07
-1.445577999999999884e+04 4.027283920064672083e+07
-1.435577999999999884e+04 4.032025150337354839e+07
-1.425577999999999884e+04 4.036781011956521124e+07
-1.415577999999999884e+04 4.041551531351504475e+07
-1.405577999999999884e+04 4.046336735031946748e+07
-1.395577999999999884e+04 4.051136649588082731e+07
-1.385577999999999884e+04 4.055951301691013575e+07
-1.375577999999999884e+04 4.060780718092985451e+07
-1.365577999999999884e+04 4.065624925627672672e+07
-1.355577999999999884e+04 4.070483951210453361e+07
-1.345577999999999884e+04 4.075357821838688105e+07
-1.335577999999999884e+04 4.080246564592001587e+07
-1.325577999999999884e+04 4.085150206632556766e+07
-1.315577999999999884e+04 4.090068775205339491e+07
-1.305577999999999884e+04 4.095002297638431937e+07
-1.295577999999999884e+04 4.099950801343294233e+07
-1.285577999999999884e+04 4.104914313815043122e+07
-1.275577999999999884e+04 4.109892862632731348e+07
-1.265577999999999884e+04 4.114886475459622592e+07
-1.255577999999999884e+04 4.119895180043479055e+07
-1.245577999999999884e+04 4.124919004216826707e+07
-1.235577999999999884e+04 4.129957975897248834e+07
-1.225577999999999884e+04 4.135012123087655008e+07
-1.215577999999999884e+04 4.140081473876562715e+07
-1.205577999999999884e+04 4.145166056438376009e+07
-1.195577999999999884e+04 4.150265899033668637e+07
-1.185577999999999884e+04 4.155381030009452254e+07
-1.175577999999999884e+04 4.160511477799468488e+07
-1.165577999999999884e+04 4.165657270924455673e+07
-1.155577999999999884e+04 4.170818437992437929e+07
-1.145577999999999884e+04 4.175995007698996365e+07
-1.135577999999999884e+04 4.181187008827550709e+07
-1.125577999999999884e+04 4.186394470249640942e+07
-1.115577999999999884e+04 4.191617420925199240e+07
-1.105577999999999884e+04 4.196855889902838320e+07
-1.095577999999999884e+04 4.202109906320119649e+07
-1.085577999999999884e+04 4.207379499403841048e+07
-1.075577999999999884e+04 4.212664698470309377e+07
-1.065577999999999884e+04 4.217965532925625890e+07
-1.055577999999999884e+04 4.223282032265955955e+07
-1.045577999999999884e+04 4.228614226077819616e+07
-1.035577999999999884e+04 4.233962144038356841e+07
-1.025577999999999884e+04 4.239325815915618092e+07
-1.015577999999999884e+04 4.244705271568837762e+07
-1.005577999999999884e+04 4.250100540948712826e+07
-9.955779999999998836e+03 4.255511654097682238e+07
-9.855779999999998836e+03 4.260938641150209308e+07
-9.755779999999998836e+03 4.266381532333052158e+07
-9.655779999999998836e+03 4.271840357965550572e+07
-9.555779999999998836e+03 4.277315148459904641e+07
-9.455779999999998836e+03 4.282805934321445227e+07
-9.355779999999998836e+03 4.288312746148923039e+07
-9.255779999999998836e+03 4.293835614634778351e+07
-9.155779999999998836e+03 4.299374570565431565e+07
-9.055779999999998836e+03 4.304929644821546972e+07
-8.955779999999998836e+03 4.310500868378325552e+07
-8.855779999999998836e+03 4.316088272305773199e+07
-8.755779999999998836e+03 4.321691887768986821e+07
-8.655779999999998836e+03 4.327311746028430015e+07
-8.555779999999998836e+03 4.332947878440210968e+07
-8.455779999999998836e+03 4.338600316456363350e+07
-8.355779999999998836e+03 4.344269091625126451e+07
-8.255779999999998836e+03 4.349954235591218621e+07
-8.155779999999998836e+03 4.355655780096121132e+07
-8.055779999999998836e+03 4.361373756978355348e+07
-7.955779999999998836e+03 4.367108198173761368e+07
-7.855779999999998836e+03 4.372859135715776682e+07
-7.755779999999998836e+03 4.378626601735714823e+07
-7.655779999999998836e+03 4.384410628463045508e+07
-7.555779999999998836e+03 4.390211248225674778e+07
-7.455779999999998836e+03 4.396028493450216949e+07
-7.355779999999998836e+03 4.401862396662280709e+07
-7.255779999999998836e+03 4.407712990486747026e+07
-7.155779999999998836e+03 4.413580307648044825e+07
-7.055779999999998836e+03 4.419464380970428139e+07
-6.955779999999998836e+03 4.425365243378264457e+07
-6.855779999999998836e+03 4.431282927896302938e+07
-6.755779999999998836e+03 4.437217467649959028e+07
-6.655779999999998836e+03 4.443168895865592360e+07
-6.555779999999998836e+03 4.449137245870781690e+07
-6.455779999999998836e+03 4.455122551094611734e+07
-6.355779999999998836e+03 4.461124845067945868e+07
-6.255779999999998836e+03 4.467144161423702538e+07
-6.155779999999998836e+03 4.473180533897143602e+07
-6.055779999999998836e+03 4.479233996326145530e+07
-5.955779999999998836e+03 4.485304582651479542e+07
-5.855779999999998836e+03 4.491392326917089522e+07
-5.755779999999998836e+03 4.497497263270376623e+07
-5.655779999999998836e+03 4.503619425962470472e+07
-5.555779999999998836e+03 4.509758849348513037e+07
-5.455779999999998836e+03 4.515915567887935042e+07
-5.355779999999998836e+03 4.522089616144736856e+07
-5.255779999999998836e+03 4.528281028787764162e+07
-5.155779999999998836e+03 4.534489840590991080e+07
-5.055779999999998836e+03 4.540716086433795094e+07
-4.955779999999998836e+03 4.546959801301236451e+07
-4.855779999999998836e+03 4.553221020284340531e+07
-4.755779999999998836e+03 4.559499778580372036e+07
-4.655779999999998836e+03 4.565796111493117362e+07
-4.555779999999998836e+03 4.572110054433160275e+07
-4.455779999999998836e+03 4.578441642918163538e+07
-4.355779999999998836e+03 4.584790912573147565e+07
-4.255779999999998836e+03 4.591157899130764604e+07
-4.155779999999998836e+03 4.597542638431586325e+07
-4.055779999999998836e+03 4.603945166424374282e+07
-3.955779999999998836e+03 4.610365519166362286e+07
-3.855779999999998836e+03 4.616803732823535800e+07
-3.755779999999998836e+03 4.623259843670909107e+07
-3.655779999999998836e+03 4.629733888092806190e+07
-3.555779999999998836e+03 4.636225902583136410e+07
-3.455779999999998836e+03 4.642735923745678365e+07
-3.355779999999998836e+03 4.649263988294352591e+07
-3.255779999999998836e+03 4.655810133053503931e+07
-3.155779999999998836e+03 4.662374394958183169e+07
-3.055779999999998836e+03 4.668956811054416746e+07
-2.955779999999998836e+03 4.675557418499496579e+07
-2.855779999999998836e+03 4.682176254562250525e+07
-2.755779999999998836e+03 4.688813356623326242e+07
-2.655779999999998836e+03 4.695468762175466865e+07
-2.555779999999998836e+03 4.702142508823793381e+07
-2.455779999999998836e+03 4.708834634286077321e+07
-2.355779999999998836e+03 4.715545176393027604e+07
-2.255779999999998836e+03 4.722274173088560998e+07
-2.155779999999998836e+03 4.729021662430091202e+07
-2.055779999999998836e+03 4.735787682588794082e+07
-1.955779999999998836e+03 4.742572271849898994e+07
-1.855779999999998836e+03 4.749375468612963706e+07
-1.755779999999998836e+03 4.756197311392147094e+07
-1.655779999999998836e+03 4.763037838816498220e+07
-1.555779999999998836e+03 4.769897089630229026e+07
-1.455779999999998836e+03 4.776775102692989260e+07
-1.355779999999998836e+03 4.783671916980157048e+07
-1.255779999999998836e+03 4.790587571583107859e+07
-1.155779999999998836e+03 4.797522105709495395e+07
-1.055779999999998836e+03 4.804475558683532476e+07
-9.557799999999988358e+02 4.811447969946267456e+07
-8.557799999999988358e+02 4.818439379055869579e+07
-7.557799999999988358e+02 4.825449825687894970e+07
-6.557799999999988358e+02 4.832479349635577202e+07
-5.557799999999988358e+02 4.839527990810100734e+07
-4.557799999999988358e+02 4.846595789240884781e+07
-3.557799999999988358e+02 4.853682785075852275e+07
-2.557799999999988358e+02 4.860789018581719697e+07
-1.557799999999988358e+02 4.867914530144269764e+07
-5.577999999999883585e+01 4.875059360268628597e+07
4.422000000000116415e+01 4.887285988123548031e+07
1.442200000000011642e+02 4.905942171522386372e+07
2.442200000000011642e+02 4.924651596571135521e+07
3.442200000000011642e+02 4.943414441345781088e+07
4.442200000000011642e+02 4.962230884428727627e+07
5.442200000000011642e+02 4.981101104910504073e+07
6.442200000000011642e+02 5.000025282391460240e+07
7.442200000000011642e+02 5.019003596983477473e+07
8.442200000000011642e+02 5.038036229311677068e+07
9.442200000000011642e+02 5.057123360516122729e+07
1.044220000000001164e+03 5.076265172253558785e+07
1.144220000000001164e+03 5.095461846699117124e+07
1.244220000000001164e+03 5.114713566548044980e+07
1.344220000000001164e+03 5.134020515017439425e+07
1.444220000000001164e+03 5.153382875847974420e+07
1.544220000000001164e+03 5.172800833305639774e+07
1.644220000000001164e+03 5.192274572183488309e+07
1.744220000000001164e+03 5.211804277803371102e+07
1.844220000000001164e+03 5.231390136017690599e+07
1.944220000000001164e+03 5.251032333211160451e+07
2.044220000000001164e+03 5.270731056302549690e+07
2.144220000000001164e+03 5.290486492746453732e+07
2.244220000000001164e+03 5.310298830535050482e+07
2.344220000000001164e+03 5.330168258199882507e+07
2.444220000000001164e+03 5.350094964813610911e+07
2.544220000000001164e+03 5.370079139991811663e+07
2.644220000000001164e+03 5.390120973894736916e+07
2.744220000000001164e+03 5.410220657229111344e+07
2.844220000000001164e+03 5.430378381249922514e+07
2.944220000000001164e+03 5.450594337762200832e+07
3.044220000000001164e+03 5.470868719122830033e+07
3.144220000000001164e+03 5.491201718242330849e+07
3.244220000000001164e+03 5.511593528586682677e+07
3.344220000000001164e+03 5.532044344179116935e+07
3.444220000000001164e+03 5.552554359601938725e+07
3.544220000000001164e+03 5.573123769998335093e+07
3.644220000000001164e+03 5.593752771074199677e+07
3.744220000000001164e+03 5.614441559099957347e+07
3.844220000000001164e+03 5.635190330912383646e+07
3.944220000000001164e+03 5.655999283916442841e+07
4.044220000000001164e+03 5.676868616087126732e+07
4.144220000000001164e+03 5.697798525971282274e+07
4.244220000000001164e+03 5.718789212689463794e+07
4.344220000000001164e+03 5.739840875937779993e+07
4.444220000000001164e+03 5.760953715989740193e+07
4.544220000000001164e+03 5.782127933698113263e+07
4.644220000000001164e+03 5.803363730496783555e+07
4.744220000000001164e+03 5.824661308402615041e+07
4.844220000000001164e+03 5.846020870017319918e+07
4.944220000000001164e+03 5.867442618529324234e+07
5.044220000000001164e+03 5.888926757715649158e+07
5.144220000000001164e+03 5.910473491943782568e+07
5.244220000000001164e+03 5.932083026173566282e+07
5.344220000000001164e+03 5.953755565959080309e+07
5.444220000000001164e+03 5.975491317450535297e+07
5.544220000000001164e+03 5.997290487396162748e+07
5.644220000000001164e+03 6.019153283144113421e+07
5.744220000000001164e+03 6.041079912644365430e+07
5.844220000000001164e+03 6.063070584450623393e+07
5.944220000000001164e+03 6.085125507722230256e+07
6.044220000000001164e+03 6.107244892226085067e+07
6.144220000000001164e+03 6.129428948338551819e+07
6.244220000000001164e+03 6.151677887047392130e+07
6.344220000000001164e+03 6.173991919953680038e+07
6.444220000000001164e+03 6.196371259273740649e+07
6.544220000000001164e+03 6.218816117841073871e+07
6.644220000000001164e+03 6.241326709108303487e+07
6.744220000000001164e+03 6.263903247149108350e+07
6.844220000000001164e+03 6.286545946660174429e+07
6.944220000000001164e+03 6.309255022963133454e+07
7.044220000000001164e+03 6.332030692006532103e+07
7.144220000000001164e+03 6.354873170367774367e+07
7.244220000000001164e+03 6.377782675255091488e+07
7.344220000000001164e+03 6.400759424509498477e+07
7.444220000000001164e+03 6.423803636606773734e+07
7.544220000000001164e+03 6.446915530659420043e+07
7.644220000000001164e+03 6.470095326418648660e+07
7.744220000000001164e+03 6.493343244276360422e+07
7.844220000000001164e+03 6.516659505267123133e+07
7.944220000000001164e+03 6.540044331070165336e+07
8.044220000000001164e+03 6.563497944011367857e+07
8.144220000000001164e+03 6.587020567065261304e+07
8.244220000000001164e+03 6.610612423857018352e+07
8.344220000000001164e+03 6.634273738664472848e+07
8.444220000000001164e+03 6.658004736420106888e+07
8.544220000000001164e+03 6.681805642713085562e+07
8.644220000000001164e+03 6.705676683791255206e+07
8.744220000000001164e+03 6.729618086563168466e+07
8.844220000000001164e+03 6.753630078600111604e+07
8.944220000000001164e+03 6.777712888138131797e+07
9.044220000000001164e+03 6.801866744080057740e+07
9.144220000000001164e+03 6.826091875997550786e+07
9.244220000000001164e+03 6.850388514133132994e+07
9.344220000000001164e+03 6.874756889402234554e+07
9.444220000000001164e+03 6.899197233395241201e+07
9.544220000000001164e+03 6.923709778379547596e+07
9.644220000000001164e+03 6.948294757301601768e+07
9.744220000000001164e+03 6.972952403788974881e+07
9.844220000000001164e+03 6.997682952152425051e+07
9.944220000000001164e+03 7.022486637387955189e+07
1.004422000000000116e+04 7.047363695178887248e+07
1.014422000000000116e+04 7.072314361897942424e+07
1.024422000000000116e+04 7.097338874609310925e+07
1.034422000000000116e+04 7.122437471070741117e+07
1.044422000000000116e+04 7.147610389735621214e+07
1.054422000000000116e+04 7.172857869755074382e+07
1.064422000000000116e+04 7.198180150980047882e+07
1.074422000000000116e+04 7.223577473963415623e+07
1.084422000000000116e+04 7.249050079962074757e+07
1.094422000000000116e+04 7.274598210939058661e+07
1.104422000000000116e+04 7.300222109565646946e+07
1.114422000000000116e+04 7.325922019223466516e+07
1.124422000000000116e+04 7.351698184006622434e+07
1.134422000000000116e+04 7.377550848723819852e+07
1.144422000000000116e+04 7.403480258900479972e+07
1.154422000000000116e+04 7.429486660780876875e+07
1.164422000000000116e+04 7.455570301330269873e+07
1.174422000000000116e+04 7.481731428237038851e+07
1.184422000000000116e+04 7.507970289914830029e+07
1.194422000000000116e+04 7.534287135504692793e+07
1.204422000000000116e+04 7.560682214877237380e+07
1.214422000000000116e+04 7.587155778634786606e+07
1.224422000000000116e+04 7.613708078113523126e+07
1.234422000000000116e+04 7.640339365385669470e+07
1.244422000000000116e+04 7.667049893261633813e+07
1.254422000000000116e+04 7.693839915292185545e+07
1.264422000000000116e+04 7.720709685770632327e+07
1.274422000000000116e+04 7.747659459734991193e+07
1.284422000000000116e+04 7.774689492970176041e+07
1.294422000000000116e+04 7.801800042010168731e+07
1.304422000000000116e+04 7.828991364140221477e+07
1.314422000000000116e+04 7.856263717399044335e+07
1.324422000000000116e+04 7.883617360580994189e+07
1.334422000000000116e+04 7.911052553238287568e+07
1.344422000000000116e+04 7.938569555683198571e+07
1.354422000000000116e+04 7.966168628990265727e+07
1.364422000000000116e+04 7.993850034998495877e+07
1.374422000000000116e+04 8.021614036313605309e+07
1.384422000000000116e+04 8.049460896310210228e+07
1.394422000000000116e+04 8.077390879134067893e+07
1.404422000000000116e+04 8.105404249704304338e+07
1.414422000000000116e+04 8.133501273715633154e+07
1.424422000000000116e+04 8.161682217640601099e+07
1.434422000000000116e+04 8.189947348731832206e+07
1.444422000000000116e+04 8.218296935024255514e+07
1.454422000000000116e+04 8.246731245337364078e+07
1.464422000000000116e+04 8.275250549277469516e+07
1.474422000000000116e+04 8.303855117239938676e+07
1.484422000000000116e+04 8.332545220411476493e+07
1.494422000000000116e+04 8.361321130772364140e+07
1.504422000000000116e+04 8.390183121098756790e+07
1.514422000000000116e+04 8.419131464964915812e+07
1.524422000000000116e+04 8.448166436745518446e+07
1.534422000000000116e+04 8.477288311617918313e+07
1.544422000000000116e+04 8.506497365564429760e+07
1.554422000000000116e+04 8.535793875374615192e+07
1.564422000000000116e+04 8.565178118647578359e+07
1.574422000000000116e+04 8.594650373794259131e+07
1.584422000000000116e+04 8.624210920039726794e+07
1.594422000000000116e+04 8.653860037425479293e+07
1.604422000000000116e+04 8.683598006811761856e+07
1.614422000000000116e+04 8.713425109879872203e+07
1.624422000000000116e+04 8.743341629134459794e+07
1.634422000000000116e+04 8.773347847905865312e+07
1.644422000000000116e+04 8.803444050352433324e+07
1.654422000000000116e+04 8.833630521462833881e+07
1.664422000000000116e+04 8.863907547058397532e+07
1.674422000000000116e+04 8.894275413795447350e+07
1.684422000000000116e+04 8.924734409167632461e+07
1.694422000000000116e+04 8.955284821508277953e+07
1.704422000000000116e+04 8.985926939992722869e+07
1.714422000000000116e+04 9.016661054640674591e+07
1.724422000000000116e+04 9.047487456318551302e+07
1.734422000000000116e+04 9.078406436741858721e+07
1.744422000000000116e+04 9.109418288477531075e+07
1.754422000000000116e+04 9.140523304946303368e+07
1.764422000000000116e+04 9.171721780425089598e+07
1.774422000000000116e+04 9.203014010049337149e+07
1.784422000000000116e+04 9.234400289815422893e+07
1.794422000000000116e+04 9.265880916583012044e+07
1.804422000000000116e+04 9.297456188077467680e+07
1.814422000000000116e+04 9.329126402892218530e+07
1.824422000000000116e+04 9.360891860491162539e+07
1.834422000000000116e+04 9.392752861211055517e+07
1.844422000000000116e+04 9.424709706263920665e+07
1.854422000000000116e+04 9.456762697739446163e+07
1.864422000000000116e+04 9.488912138607393205e+07
1.874422000000000116e+04 9.521158332720009983e+07
1.884422000000000116e+04 9.553501584814450145e+07
1.894422000000000116e+04 9.585942200515180826e+07
1.904422000000000116e+04 9.618480486336429417e+07
1.914422000000000116e+04 9.651116749684581161e+07
1.924422000000000116e+04 9.683851298860639334e+07
1.934422000000000116e+04 9.716684443062640727e+07
1.944422000000000116e+04 9.749616492388102412e+07
1.954422000000000116e+04 9.782647757836472988e+07
1.964422000000000116e+04 9.815778551311561465e+07
1.974422000000000116e+04 9.849009185624006391e+07
1.984422000000000116e+04 9.882339974493712187e+07
1.994422000000000116e+04 9.915771232552340627e+07
2.004422000000000116e+04 9.949303275345729291e+07
2.014422000000000116e+04 9.982936419336399436e+07
2.024422000000000116e+04 1.001667098190599680e+08
2.034422000000000116e+04 1.005050728135778904e+08
2.044422000000000116e+04 1.008444563691912591e+08
2.054422000000000116e+04 1.011848636874393821e+08
2.064422000000000116e+04 1.015262979791520536e+08
2.074422000000000116e+04 1.018687624644746631e+08
2.084422000000000116e+04 1.022122603728930205e+08
2.094422000000000116e+04 1.025567949432583153e+08
2.104422000000000116e+04 1.029023694238123298e+08
2.114422000000000116e+04 1.032489870722120404e+08
2.124422000000000116e+04 1.035966511555554271e+08
2.134422000000000116e+04 1.039453649504059404e+08
2.144422000000000116e+04 1.042951317428180575e+08
2.154422000000000116e+04 1.046459548283623904e+08
2.164422000000000116e+04 1.049978375121509582e+08
2.174422000000000116e+04 1.053507831088624746e+08
2.184422000000000116e+04 1.057047949427677393e+08
2.194422000000000116e+04 1.060598763477548361e+08
2.204422000000000116e+04 1.064160306673548222e+08
2.214422000000000116e+04 1.067732612547669411e+08
2.224422000000000116e+04 1.071315714728842378e+08
2.234422000000000116e+04 1.074909646943190694e+08
2.244422000000000116e+04 1.078514443014286309e+08
2.254422000000000116e+04 1.082130136863406897e+08
2.264422000000000116e+04 1.085756762509789765e+08
2.274422000000000116e+04 1.089394354070892632e+08
2.284422000000000116e+04 1.093042945762647092e+08
2.294422000000000116e+04 1.096702571899719238e+08
2.304422000000000116e+04 1.100373266895765364e+08
2.314422000000000116e+04 1.104055065263691545e+08
2.324422000000000116e+04 1.107748001615913212e+08
2.334422000000000116e+04 1.111452110664613247e+08
2.344422000000000116e+04 1.115167427222001553e+08
2.354422000000000116e+04 1.118893986200576425e+08
2.364422000000000116e+04 1.122631822613382787e+08
2.374422000000000116e+04 1.126380971574275792e+08
2.384422000000000116e+04 1.130141468298179209e+08
2.394422000000000116e+04 1.133913348101349026e+08
2.404422000000000116e+04 1.137696646401634663e+08
2.414422000000000116e+04 1.141491398718741387e+08
2.424422000000000116e+04 1.145297640674492717e+08
2.434422000000000116e+04 1.149115407993095070e+08
2.444422000000000116e+04 1.152944736501398832e+08
2.454422000000000116e+04 1.156785662129164934e+08
2.464422000000000116e+04 1.160638220909327567e+08
2.474422000000000116e+04 1.164502448978258669e+08
2.484422000000000116e+04 1.168378382576035261e+08
2.494422000000000116e+04 1.172266058046702147e+08
2.504422000000000116e+04 1.176165511838539839e+08
2.514422000000000116e+04 1.180076780504328609e+08
2.524422000000000116e+04 1.183999900701619536e+08
2.534422000000000116e+04 1.187934909192995727e+08
2.544422000000000116e+04 1.191881842846344858e+08
2.554422000000000116e+04 1.195840738635124862e+08
2.564422000000000116e+04 1.199811633638631254e+08
2.574422000000000116e+04 1.203794565042267740e+08
2.584422000000000116e+04 1.207789570137814432e+08
2.594422000000000116e+04 1.211796686323697269e+08
2.604422000000000116e+04 1.215815951105257124e+08
2.614422000000000116e+04 1.219847402095021605e+08
2.624422000000000116e+04 1.223891077012975216e+08
2.634422000000000116e+04 1.227947013686828613e+08
2.644422000000000116e+04 1.232015250052292347e+08
2.654422000000000116e+04 1.236095824153348058e+08
2.664422000000000116e+04 1.240188774142519832e+08
2.674422000000000116e+04 1.244294138281146586e+08
2.684422000000000116e+04 1.248411954939656705e+08
2.694422000000000116e+04 1.252542262597839832e+08
2.704422000000000116e+04 1.256685099845122397e+08
2.714422000000000116e+04 1.260840505380838513e+08
2.724422000000000116e+04 1.265008518014508486e+08
2.734422000000000116e+04 1.269189176666111350e+08
2.744422000000000116e+04 1.273382520366360396e+08
2.754422000000000116e+04 1.277588588256978393e+08
2.764422000000000116e+04 1.281807419590976536e+08
2.774422000000000116e+04 1.286039053732927293e+08
2.784422000000000116e+04 1.290283530159243494e+08
2.794422000000000116e+04 1.294540888458455503e+08
2.804422000000000116e+04 1.298811168331487328e+08
2.814422000000000116e+04 1.303094409591936767e+08
2.824422000000000116e+04 1.307390652166352570e+08
2.834422000000000116e+04 1.311699936094513834e+08
2.844422000000000116e+04 1.316022301529708803e+08
2.854422000000000116e+04 1.320357788739014566e+08
2.864422000000000116e+04 1.324706438103578240e+08
2.874422000000000116e+04 1.329068290118895769e+08
2.884422000000000116e+04 1.333443385395093411e+08
2.894422000000000116e+04 1.337831764657209218e+08
2.904422000000000116e+04 1.342233468745473623e+08
2.914422000000000116e+04 1.346648538615594506e+08
2.924422000000000116e+04 1.351077015339033902e+08
2.934422000000000116e+04 1.355518940103297234e+08
2.944422000000000116e+04 1.359974354212211370e+08
2.954422000000000116e+04 1.364443299086211324e+08
2.964422000000000116e+04 1.368925816262622774e+08
2.974422000000000116e+04 1.373421947395947278e+08
2.984422000000000116e+04 1.377931734258144796e+08
2.994422000000000116e+04 1.382455218738922775e+08
3.004422000000000116e+04 1.386992442846017778e+08
3.014422000000000116e+04 1.391543448705484271e+08
3.024422000000000116e+04 1.396108278561978936e+08
3.034422000000000116e+04 1.400686974779049158e+08
3.044422000000000116e+04 1.405279579839416742e+08
3.054422000000000116e+04 1.409886136345270872e+08
3.064422000000000116e+04 1.414506687018550932e+08
3.074422000000000116e+04 1.419141274701237082e+08
3.084422000000000116e+04 1.423789942355639338e+08
3.094422000000000116e+04 1.428452733064684570e+08
3.104422000000000116e+04 1.433129690032208562e+08
3.114422000000000116e+04 1.437820856583243906e+08
3.124422000000000116e+04 1.442526276164310873e+08
3.134422000000000116e+04 1.447245992343708277e+08
3.144422000000000116e+04 1.451980048811804950e+08
3.154422000000000116e+04 1.456728489381328821e+08
3.164422000000000116e+04 1.461491357987661362e+08
3.174422000000000116e+04 1.466268698689128757e+08
3.184422000000000116e+04 1.471060555667295158e+08
3.194422000000000116e+04 1.475866973227253556e+08
3.204422000000000116e+04 1.480687995797922015e+08
3.214422000000000116e+04 1.485523667932335436e+08
3.224422000000000116e+04 1.490374034307940304e+08
3.234422000000000116e+04 1.495239139726889431e+08
3.244422000000000116e+04 1.500119029116336703e+08
3.254422000000000116e+04 1.505013747528732717e+08
3.264422000000000116e+04 1.509923340142119527e+08
3.274422000000000116e+04 1.514847852260428071e+08
3.284422000000000116e+04 1.519787329313774407e+08
3.294422000000000116e+04 1.524741816858755350e+08
3.304422000000000116e+04 1.529711360578747392e+08
3.314422000000000116e+04 1.534696006284203529e+08
3.324422000000000116e+04 1.539695799912951589e+08
3.334422000000000116e+04 1.544710787530492544e+08
3.344422000000000116e+04 1.549741015330300033e+08
3.354422000000000116e+04 1.554786529634117484e+08
3.364422000000000116e+04 1.559847376892261207e+08
3.374422000000000116e+04 1.564923603683917522e+08
3.384422000000000116e+04 1.570015256717444658e+08
3.394422000000000116e+04 1.575122382830673158e+08
3.404422000000000116e+04 1.580245028991206586e+08
3.414422000000000116e+04 1.585383242296723723e+08
3.424422000000000116e+04 1.590537069975281954e+08
3.434422000000000116e+04 1.595706559385615885e+08
3.444422000000000116e+04 1.600891758017444611e+08
3.454422000000000116e+04 1.606092713491770625e+08
3.464422000000000116e+04 1.611309473561187685e+08
3.474422000000000116e+04 1.616542086110180914e+08
3.484422000000000116e+04 1.621790599155433774e+08
3.494422000000000116e+04 1.627055060846131444e+08
3.504422000000000116e+04 1.632335519464266896e+08
3.514422000000000116e+04 1.637632023424945474e+08
3.524422000000000116e+04 1.642944621276691556e+08
3.534422000000000116e+04 1.648273361701753736e+08
3.544422000000000116e+04 1.653618293516414165e+08
3.554422000000000116e+04 1.658979465671291947e+08
3.564422000000000116e+04 1.664356927251654565e+08
3.574422000000000116e+04 1.669750727477721870e+08
3.584422000000000116e+04 1.675160915704976916e+08
3.594422000000000116e+04 1.680587541424475014e+08
3.604422000000000116e+04 1.686030654263150394e+08
3.614422000000000116e+04 1.691490303984127343e+08
3.624422000000000116e+04 1.696966540487030745e+08
3.634422000000000116e+04 1.702459413808293641e+08
3.644422000000000116e+04 1.707968974121471643e+08
3.654422000000000116e+04 1.713495271737549901e+08
3.664422000000000116e+04 1.719038357105256915e+08
3.674422000000000116e+04 1.724598280811377466e+08
3.684422000000000116e+04 1.730175093581061363e+08
3.694422000000000116e+04 1.735768846278138459e+08
3.704422000000000116e+04 1.741379589905431271e+08
3.714422000000000116e+04 1.747007375605069399e+08
3.724422000000000116e+04 1.752652254658799767e+08
3.734422000000000116e+04 1.758314278488304615e+08
3.744422000000000116e+04 1.763993498655515313e+08
3.754422000000000116e+04 1.769689966862924397e+08
3.764422000000000116e+04 1.775403734953905344e+08
3.774422000000000116e+04 1.781134854913023710e+08
3.784422000000000116e+04 1.786883378866357803e+08
3.794422000000000116e+04 1.792649359081811309e+08
3.804422000000000116e+04 1.798432847969433665e+08
3.814422000000000116e+04 1.804233898081734180e+08
3.824422000000000116e+04 1.810052562114000916e+08
3.834422000000000116e+04 1.815888892904619873e+08
3.844422000000000116e+04 1.821742943435392678e+08
3.854422000000000116e+04 1.827614766831854284e+08
3.864422000000000116e+04 1.833504416363594532e+08
3.874422000000000116e+04 1.839411945444575548e+08
3.884422000000000116e+04 1.845337407633454502e+08
3.894422000000000116e+04 1.851280856633899808e+08
3.904422000000000116e+04 1.857242346294916868e+08
3.914422000000000116e+04 1.863221930611165762e+08
3.924422000000000116e+04 1.869219663723284304e+08
3.934422000000000116e+04 1.875235599918210506e+08
3.944422000000000116e+04 1.881269793629502654e+08
3.954422000000000116e+04 1.887322299437665045e+08
3.964422000000000116e+04 1.893393172070470154e+08
3.974422000000000116e+04 1.899482466403280795e+08
3.984422000000000116e+04 1.905590237459375262e+08
3.994422000000000116e+04 1.911716540410273671e+08
4.004422000000000116e+04 1.917861430576057434e+08
4.014422000000000116e+04 1.924024963425700665e+08
4.024422000000000116e+04 1.930207194577391148e+08
4.034422000000000116e+04 1.936408179798857570e+08
4.044422000000000116e+04 1.942627975007698238e+08
4.054422000000000116e+04 1.948866636271702647e+08
4.064422000000000116e+04 1.955124219809184372e+08
4.074422000000000116e+04 1.961400781989303231e+08
4.084422000000000116e+04 1.967696379332399368e+08
4.094422000000000116e+04 1.974011068510313630e+08
4.104422000000000116e+04 1.980344906346724033e+08
4.114422000000000116e+04 1.986697949817469716e+08
4.124422000000000116e+04 1.993070256050882339e+08
4.134422000000000116e+04 1.999461882328115404e+08
4.144422000000000116e+04 2.005872886083475947e+08
4.154422000000000116e+04 2.012303324904751778e+08
4.164422000000000116e+04 2.018753256533547640e+08
4.174422000000000116e+04 2.025222738865611255e+08
4.184422000000000116e+04 2.031711829951168895e+08
4.194422000000000116e+04 2.038220587995254099e+08
4.204422000000000116e+04 2.044749071358047426e+08
4.214422000000000116e+04 2.051297338555198908e+08
4.224422000000000116e+04 2.057865448258170485e+08
4.234422000000000116e+04 2.064453459294565618e+08
4.244422000000000116e+04 2.071061430648462772e+08
4.254422000000000116e+04 2.077689421460753977e+08
4.264422000000000116e+04 2.084337491029474139e+08
4.274422000000000116e+04 2.091005698810141981e+08
4.284422000000000116e+04 2.097694104416091740e+08
4.294422000000000116e+04 2.104402767618811727e+08
4.304422000000000116e+04 2.111131748348279893e+08
4.314422000000000116e+04 2.117881106693299413e+08
4.324422000000000116e+04 2.124650902901838422e+08
4.334422000000000116e+04 2.131441197381368577e+08
4.344422000000000116e+04 2.138252050699196458e+08
4.354422000000000116e+04 2.145083523582811058e+08
4.364422000000000116e+04 2.151935676920216978e+08
4.374422000000000116e+04 2.158808571760275662e+08
4.384422000000000116e+04 2.165702269313042760e+08
4.394422000000000116e+04 2.172616830950111449e+08
4.404422000000000116e+04 2.179552318204952478e+08
4.414422000000000116e+04 2.186508792773251235e+08
4.424422000000000116e+04 2.193486316513254941e+08
4.434422000000000116e+04 2.200484951446107030e+08
4.444422000000000116e+04 2.207504759756197035e+08
4.454422000000000116e+04 2.214545803791496158e+08
4.464422000000000116e+04 2.221608146063905358e+08
4.474422000000000116e+04 2.228691849249594510e+08
4.484422000000000116e+04 2.235796976189348698e+08
4.494422000000000116e+04 2.242923589888910055e+08
4.504422000000000116e+04 2.250071753519325256e+08
4.514422000000000116e+04 2.257241530417286158e+08
4.524422000000000116e+04 2.264432984085478485e+08
4.534422000000000116e+04 2.271646178192925751e+08
4.544422000000000116e+04 2.278881176575334072e+08
4.554422000000000116e+04 2.286138043235442340e+08
4.564422000000000116e+04 2.293416842343364358e+08
4.574422000000000116e+04 2.300717638236939311e+08
4.584422000000000116e+04 2.308040495422076285e+08
4.594422000000000116e+04 2.315385478573107123e+08
4.604422000000000116e+04 2.322752652533128262e+08
4.614422000000000116e+04 2.330142082314355671e+08
4.624422000000000116e+04 2.337553833098466694e+08
4.634422000000000116e+04 2.344987970236958265e+08
4.644422000000000116e+04 2.352444559251488745e+08
4.654422000000000116e+04 2.359923665834234953e+08
4.664422000000000116e+04 2.367425355848237574e+08
4.674422000000000116e+04 2.374949695327753425e+08
4.684422000000000116e+04 2.382496750478609502e+08
4.694422000000000116e+04 2.390066587678552270e+08
4.704422000000000116e+04 2.397659273477599621e+08
4.714422000000000116e+04 2.405274874598395824e+08
4.724422000000000116e+04 2.412913457936563492e+08
4.734422000000000116e+04 2.420575090561053753e+08
4.744422000000000116e+04 2.428259839714505672e+08
4.754422000000000116e+04 2.435967772813596427e+08
4.764422000000000116e+04 2.443698957449398637e+08
4.774422000000000116e+04 2.451453461387730241e+08
4.784422000000000116e+04 2.459231352569518685e+08
4.794422000000000116e+04 2.467032699111145735e+08
4.804422000000000116e+04 2.474857569304813147e+08
4.814422000000000116e+04 2.482706031618894935e+08
4.824422000000000116e+04 2.490578154698292017e+08
4.834422000000000116e+04 2.498474007364795804e+08
4.844422000000000116e+04 2.506393658617438972e+08
4.854422000000000116e+04 2.514337177632859945e+08
4.864422000000000116e+04 2.522304633765655756e+08
4.874422000000000116e+04 2.530296096548745632e+08
4.884422000000000116e+04 2.538311635693725646e+08
4.894422000000000116e+04 2.546351321091234088e+08
4.904422000000000116e+04 2.554415222811304927e+08
4.914422000000000116e+04 2.562503411103734374e+08
4.924422000000000116e+04 2.570615956398437917e+08
4.934422000000000116e+04 2.578752929305812418e+08
4.944422000000000116e+04 2.586914400617098808e+08
4.954422000000000116e+04 2.595100441304742098e+08
4.964422000000000116e+04 2.603311122522756755e+08
4.974422000000000116e+04 2.611546515607085526e+08
4.984422000000000116e+04 2.619806692075966597e+08
4.994422000000000116e+04 2.628091723630295992e+08
5.004422000000000116e+04 2.636401682153988481e+08
5.014422000000000116e+04 2.644736639714345634e+08
5.024422000000000116e+04 2.653096668562421501e+08
5.034422000000000116e+04 2.661481841133382618e+08
5.044422000000000116e+04 2.669892230046879053e+08
5.054422000000000116e+04 2.678327908107406199e+08
5.064422000000000116e+04 2.686788948304674625e+08
5.074422000000000116e+04 2.695275423813973069e+08
5.084422000000000116e+04 2.703787407996539474e+08
5.094422000000000116e+04 2.712324974399924874e+08
5.104422000000000116e+04 2.720888196758365035e+08
5.114422000000000116e+04 2.729477148993144631e+08
5.124422000000000116e+04 2.738091905212968588e+08
5.134422000000000116e+04 2.746732539714334011e+08
5.144422000000000116e+04 2.755399126981890798e+08
5.154422000000000116e+04 2.764091741688819528e+08
5.164422000000000116e+04 2.772810458697199821e+08
5.174422000000000116e+04 2.781555353058380485e+08
5.184422000000000116e+04 2.790326500013347864e+08
5.194422000000000116e+04 2.799123974993104339e+08
5.204422000000000116e+04 2.807947853619030118e+08
5.214422000000000116e+04 2.816798211703267097e+08
5.224422000000000116e+04 2.825675125249078274e+08
5.234422000000000116e+04 2.834578670451236367e+08
5.244422000000000116e+04 2.843508923696380854e+08
5.254422000000000116e+04 2.852465961563404202e+08
5.264422000000000116e+04 2.861449860823821425e+08
5.274422000000000116e+04 2.870460698442141414e+08
5.284422000000000116e+04 2.879498551576249003e+08
5.294422000000000116e+04 2.888563497577773929e+08
5.304422000000000116e+04 2.897655613992471099e+08
5.314422000000000116e+04 2.906774978560593128e+08
5.324422000000000116e+04 2.915921669217271209e+08
5.334422000000000116e+04 2.925095764092885256e+08
5.344422000000000116e+04 2.934297341513449550e+08
5.354422000000000116e+04 2.943526480000983477e+08
5.364422000000000116e+04 2.952783258273894787e+08
5.374422000000000116e+04 2.962067755247353911e+08
5.384422000000000116e+04 2.971380050033675432e+08
5.394422000000000116e+04 2.980720221942695379e+08
5.404422000000000116e+04 2.990088350482154489e+08
5.414422000000000116e+04 2.999484515358076096e+08
5.424422000000000116e+04 3.008908796475144029e+08
5.434422000000000116e+04 3.018361273937085867e+08
5.444422000000000116e+04 3.027842028047057390e+08
5.454422000000000116e+04 3.037351139308018684e+08
5.464422000000000116e+04 3.046888688423117995e+08
5.474422000000000116e+04 3.056454756296077371e+08
5.484422000000000116e+04 3.066049424031568766e+08
5.494422000000000116e+04 3.075672772935605645e+08
5.504422000000000116e+04 3.085324884515919685e+08
5.514422000000000116e+04 3.095005840482347608e+08
5.524422000000000116e+04 3.104715722747215033e+08
5.534422000000000116e+04 3.114454613425722122e+08
5.544422000000000116e+04 3.124222594836328626e+08
5.554422000000000116e+04 3.134019749501138926e+08
5.564422000000000116e+04 3.143846160146285892e+08
5.574422000000000116e+04 3.153701909702320695e+08
5.584422000000000116e+04 3.163587081304599047e+08
5.594422000000000116e+04 3.173501758293665051e+08
5.604422000000000116e+04 3.183446024215644598e+08
5.614422000000000116e+04 3.193419962822628617e+08
5.624422000000000116e+04 3.203423658073058724e+08
5.634422000000000116e+04 3.213457194132125974e+08
5.644422000000000116e+04 3.223520655372149944e+08
5.654422000000000116e+04 3.233614126372972131e+08
5.664422000000000116e+04 3.243737691922347546e+08
5.674422000000000116e+04 3.253891437016331553e+08
5.684422000000000116e+04 3.264075446859673858e+08
5.694422000000000116e+04 3.274289806866204143e+08
5.704422000000000116e+04 3.284534602659233212e+08
5.714422000000000116e+04 3.294809920071932673e+08
5.724422000000000116e+04 3.305115845147738457e+08
5.734422000000000116e+04 3.315452464140734673e+08
5.744422000000000116e+04 3.325819863516052365e+08
5.754422000000000116e+04 3.336218129950258732e+08
5.764422000000000116e+04 3.346647350331755877e+08
5.774422000000000116e+04 3.357107611761170626e+08
5.784422000000000116e+04 3.367599001551749110e+08
5.794422000000000116e+04 3.378121607229757309e+08
5.804422000000000116e+04 3.388675516534868479e+08
5.814422000000000116e+04 3.399260817420564294e+08
5.824422000000000116e+04 3.409877598054528832e+08
5.834422000000000116e+04 3.420525946819049120e+08
5.844422000000000116e+04 3.431205952311402559e+08
5.854422000000000116e+04 3.441917703344266415e+08
5.864422000000000116e+04 3.452661288946107030e+08
5.874422000000000116e+04 3.463436798361580968e+08
5.884422000000000116e+04 3.474244321051931381e+08
5.894422000000000116e+04 3.485083946695390940e+08
5.904422000000000116e+04 3.495955765187577605e+08
5.914422000000000116e+04 3.506859866641895771e+08
5.924422000000000116e+04 3.517796341389936209e+08
5.934422000000000116e+04 3.528765279981874824e+08
5.944422000000000116e+04 3.539766773186877370e+08
5.954422000000000116e+04 3.550800911993497610e+08
5.964422000000000116e+04 3.561867787610079050e+08
5.974422000000000116e+04 3.572967491465158463e+08
5.984422000000000116e+04 3.584100115207866430e+08
5.994422000000000116e+04 3.595265750708332062e+08
6.004422000000000116e+04 3.606464490058086514e+08
6.014422000000000116e+04 3.617696425570464134e+08
6.024422000000000116e+04 3.628961649781006575e+08
6.034422000000000116e+04 3.640260255447871685e+08
6.044422000000000116e+04 3.651592335552232862e+08
6.054422000000000116e+04 3.662957983298685551e+08
6.064422000000000116e+04 3.674357292115656734e+08
6.074422000000000116e+04 3.685790355655805469e+08
6.084422000000000116e+04 3.697257267796429396e+08
6.094422000000000116e+04 3.708758122639881372e+08
6.104422000000000116e+04 3.720293014513962865e+08
6.114422000000000116e+04 3.731862037972335815e+08
6.124422000000000116e+04 3.743465287794936895e+08
6.134422000000000116e+04 3.755102858988380432e+08
6.144422000000000116e+04 3.766774846786366105e+08
6.154422000000000116e+04 3.778481346650090814e+08
6.164422000000000116e+04 3.790222454268657565e+08
6.174422000000000116e+04 3.801998265559482574e+08
6.184422000000000116e+04 3.813808876668713093e+08
6.194422000000000116e+04 3.825654383971627355e+08
6.204422000000000116e+04 3.837534884073055387e+08
6.214422000000000116e+04 3.849450473807782531e+08
6.224422000000000116e+04 3.861401250240969062e+08
6.234422000000000116e+04 3.873387310668554902e+08
6.244422000000000116e+04 3.885408752617680430e+08
6.254422000000000116e+04 3.897465673847087622e+08
6.264422000000000116e+04 3.909558172347546220e+08
6.274422000000000116e+04 3.921686346342262030e+08
6.284422000000000116e+04 3.933850294287288785e+08
6.294422000000000116e+04 3.946050114871945381e+08
6.304422000000000116e+04 3.958285907019232512e+08
6.314422000000000116e+04 3.970557769886242747e+08
6.324422000000000116e+04 3.982865802864582539e+08
6.334422000000000116e+04 3.995210105580785871e+08
6.344422000000000116e+04 4.007590777896726727e+08
6.354422000000000116e+04 4.020007919910042286e+08
6.364422000000000116e+04 4.032461631954548359e+08
6.374422000000000116e+04 4.044952014600655437e+08
6.384422000000000116e+04 4.057479168655787706e+08
6.394422000000000116e+04 4.070043195164801478e+08
6.404422000000000116e+04 4.082644195410404801e+08
6.414422000000000116e+04 4.095282270913575888e+08
6.424422000000000116e+04 4.107957523433983326e+08
6.434422000000000116e+04 4.120670054970406890e+08
6.444422000000000116e+04 4.133419967761155367e+08
6.454422000000000116e+04 4.146207364284491539e+08
6.464422000000000116e+04 4.159032347259048223e+08
6.474422000000000116e+04 4.171895019644255042e+08
6.484422000000000116e+04 4.184795484640757442e+08
6.494422000000000116e+04 4.197733845690838099e+08
6.504422000000000116e+04 4.210710206478848457e+08
6.514422000000000116e+04 4.223724670931614637e+08
6.524422000000000116e+04 4.236777343218880296e+08
6.534422000000000116e+04 4.249868327753716111e+08
6.544422000000000116e+04 4.262997729192953706e+08
6.554422000000000116e+04 4.276165652437603474e+08
6.564422000000000116e+04 4.289372202633287311e+08
6.574422000000000116e+04 4.302617485170655251e+08
6.584422000000000116e+04 4.315901605685817003e+08
6.594422000000000116e+04 4.329224670060769320e+08
6.604422000000000116e+04 4.342586784423818588e+08
6.614422000000000116e+04 4.355988055150011182e+08
6.624422000000000116e+04 4.369428588861559033e+08
6.634422000000000116e+04 4.382908492428269386e+08
6.644422000000000116e+04 4.396427872967971563e+08
6.654422000000000116e+04 4.409986837846949100e+08
6.664422000000000116e+04 4.423585494680359364e+08
6.674422000000000116e+04 4.437223951332676411e+08
6.684422000000000116e+04 4.450902315918109417e+08
6.694422000000000116e+04 4.464620696801043153e+08
6.704422000000000116e+04 4.478379202596457005e+08
6.714422000000000116e+04 4.492177942170367837e+08
6.724422000000000116e+04 4.506017024640251398e+08
6.734422000000000116e+04 4.519896559375482202e+08
6.744422000000000116e+04 4.533816655997757912e+08
6.754422000000000116e+04 4.547777424381542802e+08
6.764422000000000116e+04 4.561778974654487371e+08
6.774422000000000116e+04 4.575821417197872996e+08
6.784422000000000116e+04 4.589904862647043467e+08
6.794422000000000116e+04 4.604029421891828775e+08
6.804422000000000116e+04 4.618195206076996326e+08
6.814422000000000116e+04 4.632402326602675319e+08
6.824422000000000116e+04 4.646650895124791265e+08
6.834422000000000116e+04 4.660941023555510044e+08
6.844422000000000116e+04 4.675272824063665867e+08
6.854422000000000116e+04 4.689646409075203538e+08
6.864422000000000116e+04 4.704061891273608208e+08
6.874422000000000116e+04 4.718519383600351214e+08
6.884422000000000116e+04 4.733018999255324602e+08
6.894422000000000116e+04 4.747560851697275639e+08
6.904422000000000116e+04 4.762145054644251466e+08
6.914422000000000116e+04 4.776771722074032426e+08
