-1.143557799999999988e+05 -1.576654377341871432e-04
-1.142557799999999988e+05 -1.597529746083270507e-04
-1.141557799999999988e+05 -1.618165905267423979e-04
-1.140557799999999988e+05 -1.638563982782770961e-04
-1.139557799999999988e+05 -1.658725103901933931e-04
-1.138557799999999988e+05 -1.678650391285309610e-04
-1.137557799999999988e+05 -1.698340964984705918e-04
-1.136557799999999988e+05 -1.717797942447114184e-04
-1.135557799999999988e+05 -1.737022438518345834e-04
-1.134557799999999988e+05 -1.756015565446696178e-04
-1.133557799999999988e+05 -1.774778432886556971e-04
-1.132557799999999988e+05 -1.793312147902285394e-04
-1.131557799999999988e+05 -1.811617814971744507e-04
-1.130557799999999988e+05 -1.829696535990002829e-04
-1.129557799999999988e+05 -1.847549410272959086e-04
-1.128557799999999988e+05 -1.865177534561150209e-04
-1.127557799999999988e+05 -1.882582003023377712e-04
-1.126557799999999988e+05 -1.899763907260321617e-04
-1.125557799999999988e+05 -1.916724336308273623e-04
-1.124557799999999988e+05 -1.933464376642850778e-04
-1.123557799999999988e+05 -1.949985112182582017e-04
-1.122557799999999988e+05 -1.966287624292729973e-04
-1.121557799999999988e+05 -1.982372991788794577e-04
-1.120557799999999988e+05 -1.998242290940345988e-04
-1.119557799999999988e+05 -2.013896595474540653e-04
-1.118557799999999988e+05 -2.029336976580085970e-04
-1.117557799999999988e+05 -2.044564502910528397e-04
-1.116557799999999988e+05 -2.059580240588290213e-04
-1.115557799999999988e+05 -2.074385253208065505e-04
-1.114557799999999988e+05 -2.088980601840724656e-04
-1.113557799999999988e+05 -2.103367345036819295e-04
-1.112557799999999988e+05 -2.117546538830498981e-04
-1.111557799999999988e+05 -2.131519236742833467e-04
-1.110557799999999988e+05 -2.145286489785803378e-04
-1.109557799999999988e+05 -2.158849346465840403e-04
-1.108557799999999988e+05 -2.172208852787562100e-04
-1.107557799999999988e+05 -2.185366052257398551e-04
-1.106557799999999988e+05 -2.198321985887302231e-04
-1.105557799999999988e+05 -2.211077692198326421e-04
-1.104557799999999988e+05 -2.223634207224637564e-04
-1.103557799999999988e+05 -2.235992564516670023e-04
-1.102557799999999988e+05 -2.248153795145381038e-04
-1.101557799999999988e+05 -2.260118927705319282e-04
-1.100557799999999988e+05 -2.271888988318881443e-04
-1.099557799999999988e+05 -2.283465000639647228e-04
-1.098557799999999988e+05 -2.294847985856161604e-04
-1.097557799999999988e+05 -2.306038962695526216e-04
-1.096557799999999988e+05 -2.317038947427266465e-04
-1.095557799999999988e+05 -2.327848953866823727e-04
-1.094557799999999988e+05 -2.338469993379327827e-04
-1.093557799999999988e+05 -2.348903074883282793e-04
-1.092557799999999988e+05 -2.359149204854120321e-04
-1.091557799999999988e+05 -2.369209387328091796e-04
-1.090557799999999988e+05 -2.379084623905822302e-04
-1.089557799999999988e+05 -2.388775913755910988e-04
-1.088557799999999988e+05 -2.398284253618800587e-04
-1.087557799999999988e+05 -2.407610637810306221e-04
-1.086557799999999988e+05 -2.416756058225313073e-04
-1.085557799999999988e+05 -2.425721504341584649e-04
-1.084557799999999988e+05 -2.434507963223280468e-04
-1.083557799999999988e+05 -2.443116419524688702e-04
-1.082557799999999988e+05 -2.451547855493987817e-04
-1.081557799999999988e+05 -2.459803250976774292e-04
-1.080557799999999988e+05 -2.467883583419870608e-04
-1.079557799999999988e+05 -2.475789827874902036e-04
-1.078557799999999988e+05 -2.483522957002154224e-04
-1.077557799999999988e+05 -2.491083941074038847e-04
-1.076557799999999988e+05 -2.498473747978796167e-04
-1.075557799999999988e+05 -2.505693343224359658e-04
-1.074557799999999988e+05 -2.512743689941874799e-04
-1.073557799999999988e+05 -2.519625748889481299e-04
-1.072557799999999988e+05 -2.526340478455795023e-04
-1.071557799999999988e+05 -2.532888834663836052e-04
-1.070557799999999988e+05 -2.539271771174581071e-04
-1.069557799999999988e+05 -2.545490239290614421e-04
-1.068557799999999988e+05 -2.551545187959900580e-04
-1.067557799999999988e+05 -2.557437563779382632e-04
-1.066557799999999988e+05 -2.563168310998695655e-04
-1.065557799999999988e+05 -2.568738371523877407e-04
-1.064557799999999988e+05 -2.574148684920967876e-04
-1.063557799999999988e+05 -2.579400188419710203e-04
-1.062557799999999988e+05 -2.584493816917356776e-04
-1.061557799999999988e+05 -2.589430502982173910e-04
-1.060557799999999988e+05 -2.594211176857179639e-04
-1.059557799999999988e+05 -2.598836766463909686e-04
-1.058557799999999988e+05 -2.603308197405940585e-04
-1.057557799999999988e+05 -2.607626392972667035e-04
-1.056557799999999988e+05 -2.611792274143053785e-04
-1.055557799999999988e+05 -2.615806759589113214e-04
-1.054557799999999988e+05 -2.619670765679762915e-04
-1.053557799999999988e+05 -2.623385206484426884e-04
-1.052557799999999988e+05 -2.626950993776720712e-04
-1.051557799999999988e+05 -2.630369037038129206e-04
-1.050557799999999988e+05 -2.633640243461762604e-04
-1.049557799999999988e+05 -2.636765517955861260e-04
-1.048557799999999988e+05 -2.639745763147690640e-04
-1.047557799999999988e+05 -2.642581879387031910e-04
-1.046557799999999988e+05 -2.645274764750001582e-04
-1.045557799999999988e+05 -2.647825315042606612e-04
-1.044557799999999988e+05 -2.650234423804586270e-04
-1.043557799999999988e+05 -2.652502982312868575e-04
-1.042557799999999988e+05 -2.654631879585476681e-04
-1.041557799999999988e+05 -2.656622002385044395e-04
-1.040557799999999988e+05 -2.658474235222623360e-04
-1.039557799999999988e+05 -2.660189460361188818e-04
-1.038557799999999988e+05 -2.661768557819556833e-04
-1.037557799999999988e+05 -2.663212405375849404e-04
-1.036557799999999988e+05 -2.664521878571295133e-04
-1.035557799999999988e+05 -2.665697850713813597e-04
-1.034557799999999988e+05 -2.666741192881815479e-04
-1.033557799999999988e+05 -2.667652773927787482e-04
-1.032557799999999988e+05 -2.668433460482068061e-04
-1.031557799999999988e+05 -2.669084116956337471e-04
-1.030557799999999988e+05 -2.669605605547533908e-04
-1.029557799999999988e+05 -2.669998786241337043e-04
-1.028557799999999988e+05 -2.670264516816020202e-04
-1.027557799999999988e+05 -2.670403652845922517e-04
-1.026557799999999988e+05 -2.670417047705386749e-04
-1.025557799999999988e+05 -2.670305552572181033e-04
-1.024557799999999988e+05 -2.670070016431342914e-04
-1.023557799999999988e+05 -2.669711286078815218e-04
-1.022557799999999988e+05 -2.669230206125099820e-04
-1.021557799999999988e+05 -2.668627618998940668e-04
-1.020557799999999988e+05 -2.667904364951133680e-04
-1.019557799999999988e+05 -2.667061282057932759e-04
-1.018557799999999988e+05 -2.666099206225016889e-04
-1.017557799999999988e+05 -2.665018971190933022e-04
-1.016557799999999988e+05 -2.663821408530951500e-04
-1.015557799999999988e+05 -2.662507347660693791e-04
-1.014557799999999988e+05 -2.661077615839782464e-04
-1.013557799999999988e+05 -2.659533038175501988e-04
-1.012557799999999988e+05 -2.657874437626508882e-04
-1.011557799999999988e+05 -2.656102635006545639e-04
-1.010557799999999988e+05 -2.654218448988088534e-04
-1.009557799999999988e+05 -2.652222696105973189e-04
-1.008557799999999988e+05 -2.650116190761203378e-04
-1.007557799999999988e+05 -2.647899745224479564e-04
-1.006557799999999988e+05 -2.645574169640019084e-04
-1.005557799999999988e+05 -2.643140272029131845e-04
-1.004557799999999988e+05 -2.640598858293921256e-04
-1.003557799999999988e+05 -2.637950732220946111e-04
-1.002557799999999988e+05 -2.635196695485037531e-04
-1.001557799999999988e+05 -2.632337547652832915e-04
-1.000557799999999988e+05 -2.629374086186432417e-04
-9.995577999999999884e+04 -2.626307106447187145e-04
-9.985577999999999884e+04 -2.623137401699347500e-04
-9.975577999999999884e+04 -2.619865763113723989e-04
-9.965577999999999884e+04 -2.616492979771328515e-04
-9.955577999999999884e+04 -2.613019838667141981e-04
-9.945577999999999884e+04 -2.609447124713681855e-04
-9.935577999999999884e+04 -2.605775620744871148e-04
-9.925577999999999884e+04 -2.602006107519443351e-04
-9.915577999999999884e+04 -2.598139363724873748e-04
-9.905577999999999884e+04 -2.594176165980894948e-04
-9.895577999999999884e+04 -2.590117288843306223e-04
-9.885577999999999884e+04 -2.585963504807511264e-04
-9.875577999999999884e+04 -2.581715584312317766e-04
-9.865577999999999884e+04 -2.577374295743596611e-04
-9.855577999999999884e+04 -2.572940405437787632e-04
-9.845577999999999884e+04 -2.568414677685926348e-04
-9.835577999999999884e+04 -2.563797874736977334e-04
-9.825577999999999884e+04 -2.559090756801727599e-04
-9.815577999999999884e+04 -2.554294082056376373e-04
-9.805577999999999884e+04 -2.549408606646196463e-04
-9.795577999999999884e+04 -2.544435084689330583e-04
-9.785577999999999884e+04 -2.539374268280368140e-04
-9.775577999999999884e+04 -2.534226907494009293e-04
-9.765577999999999884e+04 -2.528993750388772383e-04
-9.755577999999999884e+04 -2.523675543010755573e-04
-9.745577999999999884e+04 -2.518273029397226641e-04
-9.735577999999999884e+04 -2.512786951580258852e-04
-9.725577999999999884e+04 -2.507218049590540843e-04
-9.715577999999999884e+04 -2.501567061460940400e-04
-9.705577999999999884e+04 -2.495834723230275849e-04
-9.695577999999999884e+04 -2.490021768946908023e-04
-9.685577999999999884e+04 -2.484128930672495936e-04
-9.675577999999999884e+04 -2.478156938485659758e-04
-9.665577999999999884e+04 -2.472106520485501226e-04
-9.655577999999999884e+04 -2.465978402795611390e-04
-9.645577999999999884e+04 -2.459773309567459833e-04
-9.635577999999999884e+04 -2.453491962984271778e-04
-9.625577999999999884e+04 -2.447135083264411338e-04
-9.615577999999999884e+04 -2.440703388665457850e-04
-9.605577999999999884e+04 -2.434197595487660949e-04
-9.595577999999999884e+04 -2.427618418077530100e-04
-9.585577999999999884e+04 -2.420966568831763737e-04
-9.575577999999999884e+04 -2.414242758200716820e-04
-9.565577999999999884e+04 -2.407447694692197435e-04
-9.555577999999999884e+04 -2.400582084875128690e-04
-9.545577999999999884e+04 -2.393646633383138234e-04
-9.535577999999999884e+04 -2.386642042918365439e-04
-9.525577999999999884e+04 -2.379569014255075580e-04
-9.515577999999999884e+04 -2.372428246243298423e-04
-9.505577999999999884e+04 -2.365220435812646785e-04
-9.495577999999999884e+04 -2.357946277975858347e-04
-9.485577999999999884e+04 -2.350606465832421775e-04
-9.475577999999999884e+04 -2.343201690572541368e-04
-9.465577999999999884e+04 -2.335732641480532516e-04
-9.455577999999999884e+04 -2.328200005938557856e-04
-9.445577999999999884e+04 -2.320604469430421167e-04
-9.435577999999999884e+04 -2.312946715545158521e-04
-9.425577999999999884e+04 -2.305227425980722943e-04
-9.415577999999999884e+04 -2.297447280547660936e-04
-9.405577999999999884e+04 -2.289606957172797422e-04
-9.395577999999999884e+04 -2.281707131902994663e-04
-9.385577999999999884e+04 -2.273748478908658576e-04
-9.375577999999999884e+04 -2.265731670487557560e-04
-9.365577999999999884e+04 -2.257657377068520170e-04
-9.355577999999999884e+04 -2.249526267214978291e-04
-9.345577999999999884e+04 -2.241339007628724437e-04
-9.335577999999999884e+04 -2.233096263153647643e-04
-9.325577999999999884e+04 -2.224798696779334913e-04
-9.315577999999999884e+04 -2.216446969644769705e-04
-9.305577999999999884e+04 -2.208041741042043155e-04
-9.295577999999999884e+04 -2.199583668419918391e-04
-9.285577999999999884e+04 -2.191073407387627138e-04
-9.275577999999999884e+04 -2.182511611718603712e-04
-9.265577999999999884e+04 -2.173898933354002981e-04
-9.255577999999999884e+04 -2.165236022406470413e-04
-9.245577999999999884e+04 -2.156523527163781194e-04
-9.235577999999999884e+04 -2.147762094092586153e-04
-9.225577999999999884e+04 -2.138952367842002905e-04
-9.215577999999999884e+04 -2.130094991247433330e-04
-9.205577999999999884e+04 -2.121190605334010522e-04
-9.195577999999999884e+04 -2.112239849320537153e-04
-9.185577999999999884e+04 -2.103243360622991513e-04
-9.175577999999999884e+04 -2.094201774858286979e-04
-9.165577999999999884e+04 -2.085115725847908703e-04
-9.155577999999999884e+04 -2.075985845621613991e-04
-9.145577999999999884e+04 -2.066812764421116966e-04
-9.135577999999999884e+04 -2.057597110703727691e-04
-9.125577999999999884e+04 -2.048339511146123298e-04
-9.115577999999999884e+04 -2.039040590647937237e-04
-9.105577999999999884e+04 -2.029700972335422252e-04
-9.095577999999999884e+04 -2.020321277565232353e-04
-9.085577999999999884e+04 -2.010902125928002305e-04
-9.075577999999999884e+04 -2.001444135252177035e-04
-9.065577999999999884e+04 -1.991947921607410059e-04
-9.055577999999999884e+04 -1.982414099308574219e-04
-9.045577999999999884e+04 -1.972843280919184239e-04
-9.035577999999999884e+04 -1.963236077255238866e-04
-9.025577999999999884e+04 -1.953593097388787352e-04
-9.015577999999999884e+04 -1.943914948651675643e-04
-9.005577999999999884e+04 -1.934202236639245408e-04
-8.995577999999999884e+04 -1.924455565213923562e-04
-8.985577999999999884e+04 -1.914675536508957609e-04
-8.975577999999999884e+04 -1.904862750932137170e-04
-8.965577999999999884e+04 -1.895017807169372933e-04
-8.955577999999999884e+04 -1.885141302188467238e-04
-8.945577999999999884e+04 -1.875233831242776510e-04
-8.935577999999999884e+04 -1.865295987874799970e-04
-8.925577999999999884e+04 -1.855328363920001177e-04
-8.915577999999999884e+04 -1.845331549510359059e-04
-8.905577999999999884e+04 -1.835306133078141479e-04
-8.895577999999999884e+04 -1.825252701359528641e-04
-8.885577999999999884e+04 -1.815171839398362801e-04
-8.875577999999999884e+04 -1.805064130549699302e-04
-8.865577999999999884e+04 -1.794930156483590708e-04
-8.855577999999999884e+04 -1.784770497188762251e-04
-8.845577999999999884e+04 -1.774585730976247432e-04
-8.835577999999999884e+04 -1.764376434483101415e-04
-8.825577999999999884e+04 -1.754143182676037437e-04
-8.815577999999999884e+04 -1.743886548855149690e-04
-8.805577999999999884e+04 -1.733607104657600422e-04
-8.795577999999999884e+04 -1.723305420061233310e-04
-8.785577999999999884e+04 -1.712982063388308266e-04
-8.775577999999999884e+04 -1.702637601309237058e-04
-8.765577999999999884e+04 -1.692272598846050855e-04
-8.755577999999999884e+04 -1.681887619376366242e-04
-8.745577999999999884e+04 -1.671483224636864694e-04
-8.735577999999999884e+04 -1.661059974727004346e-04
-8.725577999999999884e+04 -1.650618428112753978e-04
-8.715577999999999884e+04 -1.640159141630207753e-04
-8.705577999999999884e+04 -1.629682670489355524e-04
-8.695577999999999884e+04 -1.619189568277649050e-04
-8.685577999999999884e+04 -1.608680386963784773e-04
-8.675577999999999884e+04 -1.598155676901305815e-04
-8.665577999999999884e+04 -1.587615986832312655e-04
-8.655577999999999884e+04 -1.577061863891136948e-04
-8.645577999999999884e+04 -1.566493853608041367e-04
-8.635577999999999884e+04 -1.555912499912868216e-04
-8.625577999999999884e+04 -1.545318345138751461e-04
-8.615577999999999884e+04 -1.534711930025766161e-04
-8.605577999999999884e+04 -1.524093793724626679e-04
-8.595577999999999884e+04 -1.513464473800325534e-04
-8.585577999999999884e+04 -1.502824506235892876e-04
-8.575577999999999884e+04 -1.492174425435984376e-04
-8.565577999999999884e+04 -1.481514764230642059e-04
-8.555577999999999884e+04 -1.470846053878967848e-04
-8.545577999999999884e+04 -1.460168824072652642e-04
-8.535577999999999884e+04 -1.449483602939881073e-04
-8.525577999999999884e+04 -1.438790917048848655e-04
-8.515577999999999884e+04 -1.428091291411568147e-04
-8.505577999999999884e+04 -1.417385249487400258e-04
-8.495577999999999884e+04 -1.406673313186823421e-04
-8.485577999999999884e+04 -1.395956002875145823e-04
-8.475577999999999884e+04 -1.385233837376105505e-04
-8.465577999999999884e+04 -1.374507333975570741e-04
-8.455577999999999884e+04 -1.363777008425237712e-04
-8.445577999999999884e+04 -1.353043374946340369e-04
-8.435577999999999884e+04 -1.342306946233265982e-04
-8.425577999999999884e+04 -1.331568233457264738e-04
-8.415577999999999884e+04 -1.320827746270100244e-04
-8.405577999999999884e+04 -1.310085992807771599e-04
-8.395577999999999884e+04 -1.299343479694201303e-04
-8.385577999999999884e+04 -1.288600712044884143e-04
-8.375577999999999884e+04 -1.277858193470550170e-04
-8.365577999999999884e+04 -1.267116426080862367e-04
-8.355577999999999884e+04 -1.256375910488104566e-04
-8.345577999999999884e+04 -1.245637145810866650e-04
-8.335577999999999884e+04 -1.234900629677719455e-04
-8.325577999999999884e+04 -1.224166858230852815e-04
-8.315577999999999884e+04 -1.213436326129810089e-04
-8.305577999999999884e+04 -1.202709526555187602e-04
-8.295577999999999884e+04 -1.191986951212174967e-04
-8.285577999999999884e+04 -1.181269090334435579e-04
-8.275577999999999884e+04 -1.170556432687587045e-04
-8.265577999999999884e+04 -1.159849465573070155e-04
-8.255577999999999884e+04 -1.149148674831652347e-04
-8.245577999999999884e+04 -1.138454544847260631e-04
-8.235577999999999884e+04 -1.127767558550534253e-04
-8.225577999999999884e+04 -1.117088197422608556e-04
-8.215577999999999884e+04 -1.106416941498667507e-04
-8.205577999999999884e+04 -1.095754269371764151e-04
-8.195577999999999884e+04 -1.085100658196458113e-04
-8.185577999999999884e+04 -1.074456583692405391e-04
-8.175577999999999884e+04 -1.063822520148117551e-04
-8.165577999999999884e+04 -1.053198940424684478e-04
-8.155577999999999884e+04 -1.042586315959345732e-04
-8.145577999999999884e+04 -1.031985116769225630e-04
-8.135577999999999884e+04 -1.021395811455037551e-04
-8.125577999999999884e+04 -1.010818867204704230e-04
-8.115577999999999884e+04 -1.000254749797080227e-04
-8.105577999999999884e+04 -9.897039236056146309e-05
-8.095577999999999884e+04 -9.791668516020673031e-05
-8.085577999999999884e+04 -9.686439953601044947e-05
-8.075577999999999884e+04 -9.581358150590404293e-05
-8.065577999999999884e+04 -9.476427694875474430e-05
-8.055577999999999884e+04 -9.371653160472335803e-05
-8.045577999999999884e+04 -9.267039107564202256e-05
-8.035577999999999884e+04 -9.162590082537856999e-05
-8.025577999999999884e+04 -9.058310618019974742e-05
-8.015577999999999884e+04 -8.954205232915015908e-05
-8.005577999999999884e+04 -8.850278432440820996e-05
-7.995577999999999884e+04 -8.746534708166140240e-05
-7.985577999999999884e+04 -8.642978538047069571e-05
-7.975577999999999884e+04 -8.539614386464532852e-05
-7.965577999999999884e+04 -8.436446704259803041e-05
-7.955577999999999884e+04 -8.333479928772704064e-05
-7.945577999999999884e+04 -8.230718483877263439e-05
-7.935577999999999884e+04 -8.128166780019121325e-05
-7.925577999999999884e+04 -8.025829214252219919e-05
-7.915577999999999884e+04 -7.923710170275534870e-05
-7.905577999999999884e+04 -7.821814018470255286e-05
-7.895577999999999884e+04 -7.720145115935489217e-05
-7.885577999999999884e+04 -7.618707806526283917e-05
-7.875577999999999884e+04 -7.517506420889943908e-05
-7.865577999999999884e+04 -7.416545276502649906e-05
-7.855577999999999884e+04 -7.315828677706031670e-05
-7.845577999999999884e+04 -7.215360915745167936e-05
-7.835577999999999884e+04 -7.115146268804012721e-05
-7.825577999999999884e+04 -7.015189002042491301e-05
-7.815577999999999884e+04 -6.915493367634341576e-05
-7.805577999999999884e+04 -6.816063604802154131e-05
-7.795577999999999884e+04 -6.716903939855637794e-05
-7.785577999999999884e+04 -6.618018586227693756e-05
-7.775577999999999884e+04 -6.519411744511641649e-05
-7.765577999999999884e+04 -6.421087602497543032e-05
-7.755577999999999884e+04 -6.323050335208942291e-05
-7.745577999999999884e+04 -6.225304104940581967e-05
-7.735577999999999884e+04 -6.127853061293929351e-05
-7.725577999999999884e+04 -6.030701341215080868e-05
-7.715577999999999884e+04 -5.933853069030586153e-05
-7.705577999999999884e+04 -5.837312356485047500e-05
-7.695577999999999884e+04 -5.741083302777436574e-05
-7.685577999999999884e+04 -5.645169994598199872e-05
-7.675577999999999884e+04 -5.549576506165704179e-05
-7.665577999999999884e+04 -5.454306899263216673e-05
-7.655577999999999884e+04 -5.359365223275653955e-05
-7.645577999999999884e+04 -5.264755515226564190e-05
-7.635577999999999884e+04 -5.170481799814752126e-05
-7.625577999999999884e+04 -5.076548089451140622e-05
-7.615577999999999884e+04 -4.982958384295094802e-05
-7.605577999999999884e+04 -4.889716672292009314e-05
-7.595577999999999884e+04 -4.796826929209995020e-05
-7.585577999999999884e+04 -4.704293118675771510e-05
-7.575577999999999884e+04 -4.612119192212261136e-05
-7.565577999999999884e+04 -4.520309089275573178e-05
-7.555577999999999884e+04 -4.428866737291143013e-05
-7.545577999999999884e+04 -4.337796051690777951e-05
-7.535577999999999884e+04 -4.247100935949826394e-05
-7.525577999999999884e+04 -4.156785281623069672e-05
-7.515577999999999884e+04 -4.066852968382439400e-05
-7.505577999999999884e+04 -3.977307864053697401e-05
-7.495577999999999884e+04 -3.888153824652393261e-05
-7.485577999999999884e+04 -3.799394694422001827e-05
-7.475577999999999884e+04 -3.711034305868967325e-05
-7.465577999999999884e+04 -3.623076479801208127e-05
-7.455577999999999884e+04 -3.535525025364373824e-05
-7.445577999999999884e+04 -3.448383740077739775e-05
-7.435577999999999884e+04 -3.361656409872345268e-05
-7.425577999999999884e+04 -3.275346809126646839e-05
-7.415577999999999884e+04 -3.189458700704289834e-05
-7.405577999999999884e+04 -3.103995835990189988e-05
-7.395577999999999884e+04 -3.018961954927878422e-05
-7.385577999999999884e+04 -2.934360786055337242e-05
-7.375577999999999884e+04 -2.850196046543078409e-05
-7.365577999999999884e+04 -2.766471442230097921e-05
-7.355577999999999884e+04 -2.683190667660619415e-05
-7.345577999999999884e+04 -2.600357406121869139e-05
-7.335577999999999884e+04 -2.517975329679120403e-05
-7.325577999999999884e+04 -2.436048099214379616e-05
-7.315577999999999884e+04 -2.354579364461915246e-05
-7.305577999999999884e+04 -2.273572764045608591e-05
-7.295577999999999884e+04 -2.193031925515272849e-05
-7.285577999999999884e+04 -2.112960465384245806e-05
-7.275577999999999884e+04 -2.033361989165223386e-05
-7.265577999999999884e+04 -1.954240091407791687e-05
-7.255577999999999884e+04 -1.875598355735291886e-05
-7.245577999999999884e+04 -1.797440354880169971e-05
-7.235577999999999884e+04 -1.719769650723143548e-05
-7.225577999999999884e+04 -1.642589794328008117e-05
-7.215577999999999884e+04 -1.565904325979287687e-05
-7.205577999999999884e+04 -1.489716775219221822e-05
-7.195577999999999884e+04 -1.414030660883478591e-05
-7.185577999999999884e+04 -1.338849491139535483e-05
-7.175577999999999884e+04 -1.264176763521966978e-05
-7.165577999999999884e+04 -1.190015964970461924e-05
-7.155577999999999884e+04 -1.116370571865597126e-05
-7.145577999999999884e+04 -1.043244050066368865e-05
-7.135577999999999884e+04 -9.706398549465726315e-06
-7.125577999999999884e+04 -8.985614314319719399e-06
-7.115577999999999884e+04 -8.270122140366765348e-06
-7.105577999999999884e+04 -7.559956269000091597e-06
-7.095577999999999884e+04 -6.855150838234294177e-06
-7.085577999999999884e+04 -6.155739883075209044e-06
-7.075577999999999884e+04 -5.461757335884916370e-06
-7.065577999999999884e+04 -4.773237026750393843e-06
-7.055577999999999884e+04 -4.090212683848525189e-06
-7.045577999999999884e+04 -3.412717933820810179e-06
-7.035577999999999884e+04 -2.740786302135954028e-06
-7.025577999999999884e+04 -2.074451213460330805e-06
-7.015577999999999884e+04 -1.413745992022389499e-06
-7.005577999999999884e+04 -7.587038619861535172e-07
-6.995577999999999884e+04 -1.093579478119863753e-07
-6.985577999999999884e+04 5.342587253650587080e-07
-6.975577999999999884e+04 1.172113231378110213e-06
-6.965577999999999884e+04 1.804172742656192013e-06
-6.955577999999999884e+04 2.430404529853755288e-06
-6.945577999999999884e+04 3.050775961489913710e-06
-6.935577999999999884e+04 3.665254503566454240e-06
-6.925577999999999884e+04 4.273807719221622150e-06
-6.915577999999999884e+04 4.876403268338435415e-06
-6.905577999999999884e+04 5.473008907194222289e-06
-6.895577999999999884e+04 6.063592488086518190e-06
-6.885577999999999884e+04 6.648121958958957510e-06
-6.875577999999999884e+04 7.226565363050213183e-06
-6.865577999999999884e+04 7.798890838505334773e-06
-6.855577999999999884e+04 8.365066618024683806e-06
-6.845577999999999884e+04 8.925061028483771835e-06
-6.835577999999999884e+04 9.478842490573696647e-06
-6.825577999999999884e+04 1.002637951843250082e-05
-6.815577999999999884e+04 1.056764071926924494e-05
-6.805577999999999884e+04 1.110259479300687650e-05
-6.795577999999999884e+04 1.163121053190510203e-05
-6.785577999999999884e+04 1.215345682020203286e-05
-6.775577999999999884e+04 1.266930263373584770e-05
-6.765577999999999884e+04 1.317871703958280631e-05
-6.755577999999999884e+04 1.368166919568981683e-05
-6.745577999999999884e+04 1.417812835050275087e-05
-6.735577999999999884e+04 1.466806384260265307e-05
-6.725577999999999884e+04 1.515144510033769681e-05
-6.715577999999999884e+04 1.562824164144967486e-05
-6.705577999999999884e+04 1.609842307270961767e-05
-6.695577999999999884e+04 1.656195908955396731e-05
-6.685577999999999884e+04 1.701881947570927747e-05
-6.675577999999999884e+04 1.746897410283084723e-05
-6.665577999999999884e+04 1.791239293013040940e-05
-6.655577999999999884e+04 1.834904600400447277e-05
-6.645577999999999884e+04 1.877890345768203775e-05
-6.635577999999999884e+04 1.920193551083654348e-05
-6.625577999999999884e+04 1.961811246923419663e-05
-6.615577999999999884e+04 2.002740472435258644e-05
-6.605577999999999884e+04 2.042978275302357214e-05
-6.595577999999999884e+04 2.082521711706219111e-05
-6.585577999999999884e+04 2.121367846289437433e-05
-6.575577999999999884e+04 2.159513752119679813e-05
-6.565577999999999884e+04 2.196956510651974445e-05
-6.555577999999999884e+04 2.233693211692692213e-05
-6.545577999999999884e+04 2.269720953362320946e-05
-6.535577999999999884e+04 2.305036842059083322e-05
-6.525577999999999884e+04 2.339637992421345883e-05
-6.515577999999999884e+04 2.373521527291844429e-05
-6.505577999999999884e+04 2.406684577680274302e-05
-6.495577999999999884e+04 2.439124282726546432e-05
-6.485577999999999884e+04 2.470837789664043728e-05
-6.475577999999999884e+04 2.501822253782817496e-05
-6.465577999999999884e+04 2.532074838392903458e-05
-6.455577999999999884e+04 2.561592714787578478e-05
-6.445577999999999884e+04 2.590373062206254086e-05
-6.435577999999999884e+04 2.618413067797973755e-05
-6.425577999999999884e+04 2.645709926584307445e-05
-6.415577999999999884e+04 2.672260841422909530e-05
-6.405577999999999884e+04 2.698063022970897498e-05
-6.395577999999999884e+04 2.723113689647197952e-05
-6.385577999999999884e+04 2.747410067596653415e-05
-6.375577999999999884e+04 2.770949390652610245e-05
-6.365577999999999884e+04 2.793728900300781491e-05
-6.355577999999999884e+04 2.815745845641716568e-05
-6.345577999999999884e+04 2.836997483354419488e-05
-6.335577999999999884e+04 2.857481077659607287e-05
-6.325577999999999884e+04 2.877193900282539507e-05
-6.315577999999999884e+04 2.896133230416944417e-05
-6.305577999999999884e+04 2.914296354687424644e-05
-6.295577999999999884e+04 2.931680567112956149e-05
-6.285577999999999884e+04 2.948283169070327916e-05
-6.275577999999999884e+04 2.964101469256911464e-05
-6.265577999999999884e+04 2.979132783654646699e-05
-6.255577999999999884e+04 2.993374435492205632e-05
-6.245577999999999884e+04 3.006823755208794596e-05
-6.235577999999999884e+04 3.019478080417351001e-05
-6.225577999999999884e+04 3.031334755867980311e-05
-6.215577999999999884e+04 3.042391133410425708e-05
-6.205577999999999884e+04 3.052644571957746980e-05
-6.195577999999999884e+04 3.062092437449761564e-05
-6.185577999999999884e+04 3.070732102815691407e-05
-6.175577999999999884e+04 3.078560947938027866e-05
-6.165577999999999884e+04 3.085576359615000352e-05
-6.155577999999999884e+04 3.091775731524376179e-05
-6.145577999999999884e+04 3.097156464186233800e-05
-6.135577999999999884e+04 3.101715964926522100e-05
-6.125577999999999884e+04 3.105451647840315422e-05
-6.115577999999999884e+04 3.108360933754405212e-05
-6.105577999999999884e+04 3.110441250191464419e-05
-6.095577999999999884e+04 3.111690031331909334e-05
-6.085577999999999884e+04 3.112104717978976081e-05
-6.075577999999999884e+04 3.111682757519914310e-05
-6.065577999999999884e+04 3.110421603890760111e-05
-6.055577999999999884e+04 3.108318717538622727e-05
-6.045577999999999884e+04 3.105371565385303461e-05
-6.035577999999999884e+04 3.101577620790430781e-05
-6.025577999999999884e+04 3.096934363514598792e-05
-6.015577999999999884e+04 3.091439279682617531e-05
-6.005577999999999884e+04 3.085089861746655513e-05
-5.995577999999999884e+04 3.077883608449429032e-05
-5.985577999999999884e+04 3.069818024787825150e-05
-5.975577999999999884e+04 3.060890621975552960e-05
-5.965577999999999884e+04 3.051098917406458593e-05
-5.955577999999999884e+04 3.040440434617721634e-05
-5.945577999999999884e+04 3.028912703253717987e-05
-5.935577999999999884e+04 3.016513259028245932e-05
-5.925577999999999884e+04 3.003239643688326987e-05
-5.915577999999999884e+04 2.989089404977039456e-05
-5.905577999999999884e+04 2.974060096597198335e-05
-5.895577999999999884e+04 2.958149278174308463e-05
-5.885577999999999884e+04 2.941354515219578997e-05
-5.875577999999999884e+04 2.923673379093543346e-05
-5.865577999999999884e+04 2.905103446968830043e-05
-5.855577999999999884e+04 2.885642301793601749e-05
-5.845577999999999884e+04 2.865287532254994269e-05
-5.835577999999999884e+04 2.844036732741824392e-05
-5.825577999999999884e+04 2.821887503308153253e-05
-5.815577999999999884e+04 2.798837449636175782e-05
-5.805577999999999884e+04 2.774884182999964307e-05
-5.795577999999999884e+04 2.750025320228178437e-05
-5.785577999999999884e+04 2.724258483667442066e-05
-5.775577999999999884e+04 2.697581301145479825e-05
-5.765577999999999884e+04 2.669991405934615719e-05
-5.755577999999999884e+04 2.641486436714422022e-05
-5.745577999999999884e+04 2.612064037535704458e-05
-5.735577999999999884e+04 2.581721857782607297e-05
-5.725577999999999884e+04 2.550457552137201282e-05
-5.715577999999999884e+04 2.518268780541590420e-05
-5.705577999999999884e+04 2.485153208161348966e-05
-5.695577999999999884e+04 2.451108505349262984e-05
-5.685577999999999884e+04 2.416132347607860323e-05
-5.675577999999999884e+04 2.380222415553089505e-05
-5.665577999999999884e+04 2.343376394877031980e-05
-5.655577999999999884e+04 2.305591976311885947e-05
-5.645577999999999884e+04 2.266866855592252378e-05
-5.635577999999999884e+04 2.227198733419057518e-05
-5.625577999999999884e+04 2.186585315422447077e-05
-5.615577999999999884e+04 2.145024312124920989e-05
-5.605577999999999884e+04 2.102513438904952665e-05
-5.595577999999999884e+04 2.059050415959457647e-05
-5.585577999999999884e+04 2.014632968267900069e-05
-5.575577999999999884e+04 1.969258825554879899e-05
-5.565577999999999884e+04 1.922925722253148766e-05
-5.555577999999999884e+04 1.875631397467895998e-05
-5.545577999999999884e+04 1.827373594938611141e-05
-5.535577999999999884e+04 1.778150063003310362e-05
-5.525577999999999884e+04 1.727958554560821803e-05
-5.515577999999999884e+04 1.676796827035256275e-05
-5.505577999999999884e+04 1.624662642337928721e-05
-5.495577999999999884e+04 1.571553766831160096e-05
-5.485577999999999884e+04 1.517467971291656233e-05
-5.475577999999999884e+04 1.462403030873277531e-05
-5.465577999999999884e+04 1.406356725070782045e-05
-5.455577999999999884e+04 1.349326837682050017e-05
-5.445577999999999884e+04 1.291311156772856799e-05
-5.435577999999999884e+04 1.232307474638370623e-05
-5.425577999999999884e+04 1.172313587767500146e-05
-5.415577999999999884e+04 1.111327296805908749e-05
-5.405577999999999884e+04 1.049346406518846734e-05
-5.395577999999999884e+04 9.863687257546492891e-06
-5.385577999999999884e+04 9.223920674078725924e-06
-5.375577999999999884e+04 8.574142483825805290e-06
-5.365577999999999884e+04 7.914330895552666685e-06
-5.355577999999999884e+04 7.244464157385967661e-06
-5.345577999999999884e+04 6.564520556439977739e-06
-5.335577999999999884e+04 5.874478418452781988e-06
-5.325577999999999884e+04 5.174316107418841527e-06
-5.315577999999999884e+04 4.464012025215500271e-06
-5.305577999999999884e+04 3.743544611243123834e-06
-5.295577999999999884e+04 3.012892342050084582e-06
-5.285577999999999884e+04 2.272033730967753540e-06
-5.275577999999999884e+04 1.520947327744579616e-06
-5.265577999999999884e+04 7.596117181741040709e-07
-5.255577999999999884e+04 -1.199447626974385179e-08
-5.245577999999999884e+04 -7.938925988031162723e-07
-5.235577999999999884e+04 -1.586103957696044033e-06
-5.225577999999999884e+04 -2.388649826647148837e-06
-5.215577999999999884e+04 -3.201551445145317739e-06
-5.205577999999999884e+04 -4.024830018840475464e-06
-5.195577999999999884e+04 -4.858506719910110290e-06
-5.185577999999999884e+04 -5.702602687428831125e-06
-5.175577999999999884e+04 -6.557139027737018278e-06
-5.165577999999999884e+04 -7.422136814803404376e-06
-5.155577999999999884e+04 -8.297617090601003680e-06
-5.145577999999999884e+04 -9.183600865469694705e-06
-5.135577999999999884e+04 -1.008010911848365803e-05
-5.125577999999999884e+04 -1.098716279782335505e-05
-5.115577999999999884e+04 -1.190478282113933033e-05
-5.105577999999999884e+04 -1.283299007592389302e-05
-5.095577999999999884e+04 -1.377180541987490909e-05
-5.085577999999999884e+04 -1.472124968126748441e-05
-5.075577999999999884e+04 -1.568134365932110106e-05
-5.065577999999999884e+04 -1.665210812456401258e-05
-5.055577999999999884e+04 -1.763356381920736147e-05
-5.045577999999999884e+04 -1.862573145750684366e-05
-5.035577999999999884e+04 -1.962863172613560795e-05
-5.025577999999999884e+04 -2.064228528454805330e-05
-5.015577999999999884e+04 -2.166671276535180502e-05
-5.005577999999999884e+04 -2.270193477467455460e-05
-4.995577999999999884e+04 -2.374797189252634245e-05
-4.985577999999999884e+04 -2.480484467317789030e-05
-4.975577999999999884e+04 -2.587257364551836410e-05
-4.965577999999999884e+04 -2.695117931343217168e-05
-4.955577999999999884e+04 -2.804068215615825366e-05
-4.945577999999999884e+04 -2.914110262866506505e-05
-4.935577999999999884e+04 -3.025246116201530416e-05
-4.925577999999999884e+04 -3.137477816373363340e-05
-4.915577999999999884e+04 -3.250807401817716125e-05
-4.905577999999999884e+04 -3.365236908689712200e-05
-4.895577999999999884e+04 -3.480768370901750960e-05
-4.885577999999999884e+04 -3.597403820159009630e-05
-4.875577999999999884e+04 -3.715145285997550938e-05
-4.865577999999999884e+04 -3.833994795819823282e-05
-4.855577999999999884e+04 -3.953954374932588153e-05
-4.845577999999999884e+04 -4.075026046582994933e-05
-4.835577999999999884e+04 -4.197211831995567094e-05
-4.825577999999999884e+04 -4.320513750409220928e-05
-4.815577999999999884e+04 -4.444933819113642561e-05
-4.805577999999999884e+04 -4.570474053486425943e-05
-4.795577999999999884e+04 -4.697136467029698555e-05
-4.785577999999999884e+04 -4.824923071406980214e-05
-4.775577999999999884e+04 -4.953835876479934143e-05
-4.765577999999999884e+04 -5.083876890345193924e-05
-4.755577999999999884e+04 -5.215048119371234510e-05
-4.745577999999999884e+04 -5.347351568234898992e-05
-4.735577999999999884e+04 -5.480789239958509487e-05
-4.725577999999999884e+04 -5.615363135946336307e-05
-4.715577999999999884e+04 -5.751075256021886386e-05
-4.705577999999999884e+04 -5.887927598464041772e-05
-4.695577999999999884e+04 -6.025922160044501865e-05
-4.685577999999999884e+04 -6.165060936064067606e-05
-4.675577999999999884e+04 -6.305345920389663586e-05
-4.665577999999999884e+04 -6.446779105491199573e-05
-4.655577999999999884e+04 -6.589362482478070167e-05
-4.645577999999999884e+04 -6.733098041136417484e-05
-4.635577999999999884e+04 -6.877987769965541369e-05
-4.625577999999999884e+04 -7.024033656214699931e-05
-4.615577999999999884e+04 -7.171237685920186546e-05
-4.605577999999999884e+04 -7.319601843941776667e-05
-4.595577999999999884e+04 -7.469128113999825159e-05
-4.585577999999999884e+04 -7.619818478711779517e-05
-4.575577999999999884e+04 -7.771674919629307013e-05
-4.565577999999999884e+04 -7.924699417274859415e-05
-4.555577999999999884e+04 -8.078893951178240415e-05
-4.545577999999999884e+04 -8.234260499914064816e-05
-4.535577999999999884e+04 -8.390801041137850266e-05
-4.525577999999999884e+04 -8.548517551623293481e-05
-4.515577999999999884e+04 -8.707412007298656078e-05
-4.505577999999999884e+04 -8.867486383284115328e-05
-4.495577999999999884e+04 -9.028742653928051060e-05
-4.485577999999999884e+04 -9.191182792843877354e-05
-4.475577999999999884e+04 -9.354808772947217129e-05
-4.465577999999999884e+04 -9.519622566492277123e-05
-4.455577999999999884e+04 -9.685626145108957425e-05
-4.445577999999999884e+04 -9.852821479839318612e-05
-4.435577999999999884e+04 -1.002121054117472652e-04
-4.425577999999999884e+04 -1.019079529909246710e-04
-4.415577999999999884e+04 -1.036157772309237213e-04
-4.405577999999999884e+04 -1.053355978223404800e-04
-4.395577999999999884e+04 -1.070674344517316668e-04
-4.385577999999999884e+04 -1.088113068019877852e-04
-4.375577999999999884e+04 -1.105672345526954766e-04
-4.365577999999999884e+04 -1.123352373805091713e-04
-4.355577999999999884e+04 -1.141153349595203266e-04
-4.345577999999999884e+04 -1.159075469616197273e-04
-4.335577999999999884e+04 -1.177118930568713044e-04
-4.325577999999999884e+04 -1.195283929138765087e-04
-4.315577999999999884e+04 -1.213570662001441997e-04
-4.305577999999999884e+04 -1.231979325824565099e-04
-4.295577999999999884e+04 -1.250510117272390996e-04
-4.285577999999999884e+04 -1.269163233009285117e-04
-4.275577999999999884e+04 -1.287938869703378461e-04
-4.265577999999999884e+04 -1.306837224030274892e-04
-4.255577999999999884e+04 -1.325858492676719263e-04
-4.245577999999999884e+04 -1.345002872344281536e-04
-4.235577999999999884e+04 -1.364270559753012985e-04
-4.225577999999999884e+04 -1.383661751645176932e-04
-4.215577999999999884e+04 -1.403176644788869986e-04
-4.205577999999999884e+04 -1.422815435981735160e-04
-4.195577999999999884e+04 -1.442578322054644912e-04
-4.185577999999999884e+04 -1.462465499875334029e-04
-4.175577999999999884e+04 -1.482477166352164251e-04
-4.165577999999999884e+04 -1.502613518437701597e-04
-4.155577999999999884e+04 -1.522874753132482609e-04
-4.145577999999999884e+04 -1.543261067488647248e-04
-4.135577999999999884e+04 -1.563772658613631138e-04
-4.125577999999999884e+04 -1.584409723673837491e-04
-4.115577999999999884e+04 -1.605172459898321770e-04
-4.105577999999999884e+04 -1.626061064582487730e-04
-4.095577999999999884e+04 -1.647075735091727087e-04
-4.085577999999999884e+04 -1.668216668865125051e-04
-4.075577999999999884e+04 -1.689484063419164771e-04
-4.065577999999999884e+04 -1.710878116351338273e-04
-4.055577999999999884e+04 -1.732399025343902405e-04
-4.045577999999999884e+04 -1.754046988167483540e-04
-4.035577999999999884e+04 -1.775822202684836776e-04
-4.025577999999999884e+04 -1.797724866854447654e-04
-4.015577999999999884e+04 -1.819755178734270217e-04
-4.005577999999999884e+04 -1.841913336485379959e-04
-3.995577999999999884e+04 -1.864199538375645203e-04
-3.985577999999999884e+04 -1.886613982783434532e-04
-3.975577999999999884e+04 -1.909156868201259164e-04
-3.965577999999999884e+04 -1.931828393239499357e-04
-3.955577999999999884e+04 -1.954628756630029981e-04
-3.945577999999999884e+04 -1.977558157229941497e-04
-3.935577999999999884e+04 -2.000616794025215136e-04
-3.925577999999999884e+04 -2.023804866134363103e-04
-3.915577999999999884e+04 -2.047122572812162030e-04
-3.905577999999999884e+04 -2.070570113453289391e-04
-3.895577999999999884e+04 -2.094147687596047732e-04
-3.885577999999999884e+04 -2.117855494925979679e-04
-3.875577999999999884e+04 -2.141693735279604903e-04
-3.865577999999999884e+04 -2.165662608648090154e-04
-3.855577999999999884e+04 -2.189762315180884583e-04
-3.845577999999999884e+04 -2.213993055189466749e-04
-3.835577999999999884e+04 -2.238355029150964769e-04
-3.825577999999999884e+04 -2.262848437711872961e-04
-3.815577999999999884e+04 -2.287473481691707508e-04
-3.805577999999999884e+04 -2.312230362086702498e-04
-3.795577999999999884e+04 -2.337119280073487267e-04
-3.785577999999999884e+04 -2.362140437012755342e-04
-3.775577999999999884e+04 -2.387294034452955608e-04
-3.765577999999999884e+04 -2.412580274133946064e-04
-3.755577999999999884e+04 -2.437999357990735681e-04
-3.745577999999999884e+04 -2.463551488157066332e-04
-3.735577999999999884e+04 -2.489236866969195034e-04
-3.725577999999999884e+04 -2.515055696969502709e-04
-3.715577999999999884e+04 -2.541008180910184818e-04
-3.705577999999999884e+04 -2.567094521756977483e-04
-3.695577999999999884e+04 -2.593314922692761923e-04
-3.685577999999999884e+04 -2.619669587121313081e-04
-3.675577999999999884e+04 -2.646158718670925196e-04
-3.665577999999999884e+04 -2.672782521198129534e-04
-3.655577999999999884e+04 -2.699541198791366578e-04
-3.645577999999999884e+04 -2.726434955774633285e-04
-3.635577999999999884e+04 -2.753463996711213286e-04
-3.625577999999999884e+04 -2.780628526407305707e-04
-3.615577999999999884e+04 -2.807928749915754286e-04
-3.605577999999999884e+04 -2.835364872539670230e-04
-3.595577999999999884e+04 -2.862937099836172176e-04
-3.585577999999999884e+04 -2.890645637620027479e-04
-3.575577999999999884e+04 -2.918490691967323865e-04
-3.565577999999999884e+04 -2.946472469219188245e-04
-3.555577999999999884e+04 -2.974591175985421502e-04
-3.545577999999999884e+04 -3.002847019148215135e-04
-3.535577999999999884e+04 -3.031240205865806106e-04
-3.525577999999999884e+04 -3.059770943576158790e-04
-3.515577999999999884e+04 -3.088439440000675116e-04
-3.505577999999999884e+04 -3.117245903147816883e-04
-3.495577999999999884e+04 -3.146190541316839758e-04
-3.485577999999999884e+04 -3.175273563101433478e-04
-3.475577999999999884e+04 -3.204495177393428202e-04
-3.465577999999999884e+04 -3.233855593386460734e-04
-3.455577999999999884e+04 -3.263355020579659189e-04
-3.445577999999999884e+04 -3.292993668781309764e-04
-3.435577999999999884e+04 -3.322771748112551696e-04
-3.425577999999999884e+04 -3.352689469011065721e-04
-3.415577999999999884e+04 -3.382747042234701814e-04
-3.405577999999999884e+04 -3.412944678865233237e-04
-3.395577999999999884e+04 -3.443282590311970729e-04
-3.385577999999999884e+04 -3.473760988315492161e-04
-3.375577999999999884e+04 -3.504380084951268649e-04
-3.365577999999999884e+04 -3.535140092633398006e-04
-3.355577999999999884e+04 -3.566041224118262297e-04
-3.345577999999999884e+04 -3.597083692508176722e-04
-3.335577999999999884e+04 -3.628267711255132822e-04
-3.325577999999999884e+04 -3.659593494164406708e-04
-3.315577999999999884e+04 -3.691061255398305515e-04
-3.305577999999999884e+04 -3.722671209479791899e-04
-3.295577999999999884e+04 -3.754423571296189831e-04
-3.285577999999999884e+04 -3.786318556102881731e-04
-3.275577999999999884e+04 -3.818356379526937293e-04
-3.265577999999999884e+04 -3.850537257570834466e-04
-3.255577999999999884e+04 -3.882861406616126766e-04
-3.245577999999999884e+04 -3.915329043427124688e-04
-3.235577999999999884e+04 -3.947940385154564101e-04
-3.225577999999999884e+04 -3.980695649339301210e-04
-3.215577999999999884e+04 -4.013595053915987461e-04
-3.205577999999999884e+04 -4.046638817216732516e-04
-3.195577999999999884e+04 -4.079827157974814391e-04
-3.185577999999999884e+04 -4.113160295328322381e-04
-3.175577999999999884e+04 -4.146638448823878036e-04
-3.165577999999999884e+04 -4.180261838420265075e-04
-3.155577999999999884e+04 -4.214030684492160121e-04
-3.145577999999999884e+04 -4.247945207833778874e-04
-3.135577999999999884e+04 -4.282005629662559692e-04
-3.125577999999999884e+04 -4.316212171622849873e-04
-3.115577999999999884e+04 -4.350565055789581102e-04
-3.105577999999999884e+04 -4.385064504671960621e-04
-3.095577999999999884e+04 -4.419710741217119563e-04
-3.085577999999999884e+04 -4.454503988813830685e-04
-3.075577999999999884e+04 -4.489444471296170805e-04
-3.065577999999999884e+04 -4.524532412947179978e-04
-3.055577999999999884e+04 -4.559768038502582483e-04
-3.045577999999999884e+04 -4.595151573154422696e-04
-3.035577999999999884e+04 -4.630683242554787149e-04
-3.025577999999999884e+04 -4.666363272819441495e-04
-3.015577999999999884e+04 -4.702191890531542810e-04
-3.005577999999999884e+04 -4.738169322745312871e-04
-2.995577999999999884e+04 -4.774295796989687585e-04
-2.985577999999999884e+04 -4.810571541272047179e-04
-2.975577999999999884e+04 -4.846996784081845032e-04
-2.965577999999999884e+04 -4.883571754394330821e-04
-2.955577999999999884e+04 -4.920296681674186934e-04
-2.945577999999999884e+04 -4.957171795879246204e-04
-2.935577999999999884e+04 -4.994197327464162473e-04
-2.925577999999999884e+04 -5.031373507384054051e-04
-2.915577999999999884e+04 -5.068700567098248554e-04
-2.905577999999999884e+04 -5.106178738573883538e-04
-2.895577999999999884e+04 -5.143808254289673016e-04
-2.885577999999999884e+04 -5.181589347239496171e-04
-2.875577999999999884e+04 -5.219522250936158448e-04
-2.865577999999999884e+04 -5.257607199415018214e-04
-2.855577999999999884e+04 -5.295844427237677383e-04
-2.845577999999999884e+04 -5.334234169495675288e-04
-2.835577999999999884e+04 -5.372776661814159796e-04
-2.825577999999999884e+04 -5.411472140355554072e-04
-2.815577999999999884e+04 -5.450320841823259139e-04
-2.805577999999999884e+04 -5.489323003465308715e-04
-2.795577999999999884e+04 -5.528478863078073935e-04
-2.785577999999999884e+04 -5.567788659009914945e-04
-2.775577999999999884e+04 -5.607252630164891042e-04
-2.765577999999999884e+04 -5.646871016006413347e-04
-2.755577999999999884e+04 -5.686644056560938689e-04
-2.745577999999999884e+04 -5.726571992421640705e-04
-2.735577999999999884e+04 -5.766655064752100471e-04
-2.725577999999999884e+04 -5.806893515289966766e-04
-2.715577999999999884e+04 -5.847287586350664043e-04
-2.705577999999999884e+04 -5.887837520831038602e-04
-2.695577999999999884e+04 -5.928543562213071981e-04
-2.685577999999999884e+04 -5.969405954567528214e-04
-2.675577999999999884e+04 -6.010424942557647705e-04
-2.665577999999999884e+04 -6.051600771442835688e-04
-2.655577999999999884e+04 -6.092933687082332248e-04
-2.645577999999999884e+04 -6.134423935938881261e-04
-2.635577999999999884e+04 -6.176071765082424272e-04
-2.625577999999999884e+04 -6.217877422193787869e-04
-2.615577999999999884e+04 -6.259841155568335270e-04
-2.605577999999999884e+04 -6.301963214119668880e-04
-2.595577999999999884e+04 -6.344243847383301393e-04
-2.585577999999999884e+04 -6.386683305520336664e-04
-2.575577999999999884e+04 -6.429281839321140815e-04
-2.565577999999999884e+04 -6.472039700209040449e-04
-2.555577999999999884e+04 -6.514957140243990506e-04
-2.545577999999999884e+04 -6.558034412126235611e-04
-2.535577999999999884e+04 -6.601271769200026725e-04
-2.525577999999999884e+04 -6.644669465457279239e-04
-2.515577999999999884e+04 -6.688227755541241914e-04
-2.505577999999999884e+04 -6.731946894750202685e-04
-2.495577999999999884e+04 -6.775827139041135918e-04
-2.485577999999999884e+04 -6.819868745033427727e-04
-2.475577999999999884e+04 -6.864071970012498294e-04
-2.465577999999999884e+04 -6.908437071933528273e-04
-2.455577999999999884e+04 -6.952964309425112548e-04
-2.445577999999999884e+04 -6.997653941792950864e-04
-2.435577999999999884e+04 -7.042506229023516758e-04
-2.425577999999999884e+04 -7.087521431787748190e-04
-2.415577999999999884e+04 -7.132699811444729492e-04
-2.405577999999999884e+04 -7.178041630045351633e-04
-2.395577999999999884e+04 -7.223547150336001761e-04
-2.385577999999999884e+04 -7.269216635762255994e-04
-2.375577999999999884e+04 -7.315050350472541854e-04
-2.365577999999999884e+04 -7.361048559321819139e-04
-2.355577999999999884e+04 -7.407211527875264033e-04
-2.345577999999999884e+04 -7.453539522411944561e-04
-2.335577999999999884e+04 -7.500032809928513372e-04
-2.325577999999999884e+04 -7.546691658142863678e-04
-2.315577999999999884e+04 -7.593516335497827461e-04
-2.305577999999999884e+04 -7.640507111164846583e-04
-2.295577999999999884e+04 -7.687664255047653656e-04
-2.285577999999999884e+04 -7.734988037785951818e-04
-2.275577999999999884e+04 -7.782478730759094521e-04
-2.265577999999999884e+04 -7.830136606089763140e-04
-2.255577999999999884e+04 -7.877961936647652182e-04
-2.245577999999999884e+04 -7.925954996053139303e-04
-2.235577999999999884e+04 -7.974116058680965095e-04
-2.225577999999999884e+04 -8.022445399663923711e-04
-2.215577999999999884e+04 -8.070943294896532885e-04
-2.205577999999999884e+04 -8.119610021038712634e-04
-2.195577999999999884e+04 -8.168445855519475881e-04
-2.185577999999999884e+04 -8.217451076540588720e-04
-2.175577999999999884e+04 -8.266625963080263210e-04
-2.165577999999999884e+04 -8.315970794896839326e-04
-2.155577999999999884e+04 -8.365485852532450646e-04
-2.145577999999999884e+04 -8.415171417316718227e-04
-2.135577999999999884e+04 -8.465027771370414126e-04
-2.125577999999999884e+04 -8.515055197609166116e-04
-2.115577999999999884e+04 -8.565253979747112535e-04
-2.105577999999999884e+04 -8.615624402300578813e-04
-2.095577999999999884e+04 -8.666166750591788696e-04
-2.085577999999999884e+04 -8.716881310752508253e-04
-2.075577999999999884e+04 -8.767768369727742999e-04
-2.065577999999999884e+04 -8.818828215279417683e-04
-2.055577999999999884e+04 -8.870061135990050648e-04
-2.045577999999999884e+04 -8.921467421266433611e-04
-2.035577999999999884e+04 -8.973047361343314699e-04
-2.025577999999999884e+04 -9.024801247287068473e-04
-2.015577999999999884e+04 -9.076729370999385470e-04
-2.005577999999999884e+04 -9.128832025220950898e-04
-1.995577999999999884e+04 -9.181109503535116829e-04
-1.985577999999999884e+04 -9.233562100371591743e-04
-1.975577999999999884e+04 -9.286190111010104043e-04
-1.965577999999999884e+04 -9.338993831584099185e-04
-1.955577999999999884e+04 -9.391973559084408618e-04
-1.945577999999999884e+04 -9.445129591362926317e-04
-1.935577999999999884e+04 -9.498462227136305908e-04
-1.925577999999999884e+04 -9.551971765989613347e-04
-1.915577999999999884e+04 -9.605658508380032724e-04
-1.905577999999999884e+04 -9.659522755640522190e-04
-1.895577999999999884e+04 -9.713564809983508920e-04
-1.885577999999999884e+04 -9.767784974504566727e-04
-1.875577999999999884e+04 -9.822183553186085003e-04
-1.865577999999999884e+04 -9.876760850900964759e-04
-1.855577999999999884e+04 -9.931517173416277815e-04
-1.845577999999999884e+04 -9.986452827396969344e-04
-1.835577999999999884e+04 -1.004156812040952031e-03
-1.825577999999999884e+04 -1.009686336092562291e-03
-1.815577999999999884e+04 -1.015233885832587772e-03
-1.805577999999999884e+04 -1.020799492290346260e-03
-1.795577999999999884e+04 -1.026383186586781035e-03
-1.785577999999999884e+04 -1.031984999934828845e-03
-1.775577999999999884e+04 -1.037604963639788972e-03
-1.765577999999999884e+04 -1.043243109099689474e-03
-1.755577999999999884e+04 -1.048899467805656464e-03
-1.745577999999999884e+04 -1.054574071342280787e-03
-1.735577999999999884e+04 -1.060266951387987084e-03
-1.725577999999999884e+04 -1.065978139715401335e-03
-1.715577999999999884e+04 -1.071707668191718404e-03
-1.705577999999999884e+04 -1.077455568779071100e-03
-1.695577999999999884e+04 -1.083221873534896641e-03
-1.685577999999999884e+04 -1.089006614612305279e-03
-1.675577999999999884e+04 -1.094809824260448931e-03
-1.665577999999999884e+04 -1.100631534824886987e-03
-1.655577999999999884e+04 -1.106471778747957543e-03
-1.645577999999999884e+04 -1.112330588569141908e-03
-1.635577999999999884e+04 -1.118207996925434534e-03
-1.625577999999999884e+04 -1.124104036551711212e-03
-1.615577999999999884e+04 -1.130018740281095533e-03
-1.605577999999999884e+04 -1.135952141045327947e-03
-1.595577999999999884e+04 -1.141904271875132876e-03
-1.585577999999999884e+04 -1.147875165900587562e-03
-1.575577999999999884e+04 -1.153864856351489174e-03
-1.565577999999999884e+04 -1.159873376557723438e-03
-1.555577999999999884e+04 -1.165900759949632833e-03
-1.545577999999999884e+04 -1.171947040058382615e-03
-1.535577999999999884e+04 -1.178012250516330753e-03
-1.525577999999999884e+04 -1.184096425057395464e-03
-1.515577999999999884e+04 -1.190199597517421900e-03
-1.505577999999999884e+04 -1.196321801834552287e-03
-1.495577999999999884e+04 -1.202463072049591740e-03
-1.485577999999999884e+04 -1.208623442306377537e-03
-1.475577999999999884e+04 -1.214802946852146454e-03
-1.465577999999999884e+04 -1.221001620037902519e-03
-1.455577999999999884e+04 -1.227219496318785862e-03
-1.445577999999999884e+04 -1.233456610254439608e-03
-1.435577999999999884e+04 -1.239712996509377855e-03
-1.425577999999999884e+04 -1.245988689853355169e-03
-1.415577999999999884e+04 -1.252283725161732397e-03
-1.405577999999999884e+04 -1.258598137415845942e-03
-1.395577999999999884e+04 -1.264931961703375093e-03
-1.385577999999999884e+04 -1.271285233218710439e-03
-1.375577999999999884e+04 -1.277657987263320976e-03
-1.365577999999999884e+04 -1.284050259246123388e-03
-1.355577999999999884e+04 -1.290462084683848725e-03
-1.345577999999999884e+04 -1.296893499201410812e-03
-1.335577999999999884e+04 -1.303344538532274013e-03
-1.325577999999999884e+04 -1.309815238518822079e-03
-1.315577999999999884e+04 -1.316305635112724384e-03
-1.305577999999999884e+04 -1.322815764375304994e-03
-1.295577999999999884e+04 -1.329345662477911293e-03
-1.285577999999999884e+04 -1.335895365702280011e-03
-1.275577999999999884e+04 -1.342464910440906503e-03
-1.265577999999999884e+04 -1.349054333197412291e-03
-1.255577999999999884e+04 -1.355663670586913262e-03
-1.245577999999999884e+04 -1.362292959336387646e-03
-1.235577999999999884e+04 -1.368942236285042476e-03
-1.225577999999999884e+04 -1.375611538384684598e-03
-1.215577999999999884e+04 -1.382300902700084972e-03
-1.205577999999999884e+04 -1.389010366409349677e-03
-1.195577999999999884e+04 -1.395739966804285942e-03
-1.185577999999999884e+04 -1.402489741290770990e-03
-1.175577999999999884e+04 -1.409259727389119369e-03
-1.165577999999999884e+04 -1.416049962734451358e-03
-1.155577999999999884e+04 -1.422860485077060734e-03
-1.145577999999999884e+04 -1.429691332282782314e-03
-1.135577999999999884e+04 -1.436542542333361450e-03
-1.125577999999999884e+04 -1.443414153326819408e-03
-1.115577999999999884e+04 -1.450306203477823080e-03
-1.105577999999999884e+04 -1.457218731118053176e-03
-1.095577999999999884e+04 -1.464151774696571340e-03
-1.085577999999999884e+04 -1.471105372780187040e-03
-1.075577999999999884e+04 -1.478079564053828366e-03
-1.065577999999999884e+04 -1.485074387320907191e-03
-1.055577999999999884e+04 -1.492089881503688882e-03
-1.045577999999999884e+04 -1.499126085643658979e-03
-1.035577999999999884e+04 -1.506183038901892255e-03
-1.025577999999999884e+04 -1.513260780559419396e-03
-1.015577999999999884e+04 -1.520359350017596927e-03
-1.005577999999999884e+04 -1.527478786798472377e-03
-9.955779999999998836e+03 -1.534619130545154418e-03
-9.855779999999998836e+03 -1.541780421022180851e-03
-9.755779999999998836e+03 -1.548962698115884194e-03
-9.655779999999998836e+03 -1.556166001834762263e-03
-9.555779999999998836e+03 -1.563390372309844635e-03
-9.455779999999998836e+03 -1.570635849795061056e-03
-9.355779999999998836e+03 -1.577902474667610072e-03
-9.255779999999998836e+03 -1.585190287428324841e-03
-9.155779999999998836e+03 -1.592499328702043056e-03
-9.055779999999998836e+03 -1.599829639237974714e-03
-8.955779999999998836e+03 -1.607181259910068572e-03
-8.855779999999998836e+03 -1.614554231717381860e-03
-8.755779999999998836e+03 -1.621948595784447177e-03
-8.655779999999998836e+03 -1.629364393361640902e-03
-8.555779999999998836e+03 -1.636801665825550521e-03
-8.455779999999998836e+03 -1.644260454679343040e-03
-8.355779999999998836e+03 -1.651740801553133178e-03
-8.255779999999998836e+03 -1.659242748204350698e-03
-8.155779999999998836e+03 -1.666766336518108165e-03
-8.055779999999998836e+03 -1.674311608507570446e-03
-7.955779999999998836e+03 -1.681878606314320297e-03
-7.855779999999998836e+03 -1.689467372208728517e-03
-7.755779999999998836e+03 -1.697077948590319752e-03
-7.655779999999998836e+03 -1.704710377988142428e-03
-7.555779999999998836e+03 -1.712364703061135859e-03
-7.455779999999998836e+03 -1.720040966598497143e-03
-7.355779999999998836e+03 -1.727739211520050878e-03
-7.255779999999998836e+03 -1.735459480876616915e-03
-7.155779999999998836e+03 -1.743201817850376176e-03
-7.055779999999998836e+03 -1.750966265755240581e-03
-6.955779999999998836e+03 -1.758752868037221240e-03
-6.855779999999998836e+03 -1.766561668274794919e-03
-6.755779999999998836e+03 -1.774392710179272664e-03
-6.655779999999998836e+03 -1.782246037595168432e-03
-6.555779999999998836e+03 -1.790121694500565117e-03
-6.455779999999998836e+03 -1.798019725007484913e-03
-6.355779999999998836e+03 -1.805940173362255560e-03
-6.255779999999998836e+03 -1.813883083945878535e-03
-6.155779999999998836e+03 -1.821848501274397469e-03
-6.055779999999998836e+03 -1.829836469999265901e-03
-5.955779999999998836e+03 -1.837847034907715265e-03
-5.855779999999998836e+03 -1.845880240923121994e-03
-5.755779999999998836e+03 -1.853936133105377020e-03
-5.655779999999998836e+03 -1.862014756651251797e-03
-5.555779999999998836e+03 -1.870116156894768454e-03
-5.455779999999998836e+03 -1.878240379307566030e-03
-5.355779999999998836e+03 -1.886387469499268459e-03
-5.255779999999998836e+03 -1.894557473217853847e-03
-5.155779999999998836e+03 -1.902750436350021147e-03
-5.055779999999998836e+03 -1.910966404921557709e-03
-4.955779999999998836e+03 -1.919205425097709203e-03
-4.855779999999998836e+03 -1.927467543183546085e-03
-4.755779999999998836e+03 -1.935752805624330920e-03
-4.655779999999998836e+03 -1.944061259005888101e-03
-4.555779999999998836e+03 -1.952392950054970301e-03
-4.455779999999998836e+03 -1.960747925639627111e-03
-4.355779999999998836e+03 -1.969126232769573010e-03
-4.255779999999998836e+03 -1.977527918596554916e-03
-4.155779999999998836e+03 -1.985953030414720592e-03
-4.055779999999998836e+03 -1.994401615660985547e-03
-3.955779999999998836e+03 -2.002873721915402524e-03
-3.855779999999998836e+03 -2.011369396901528401e-03
-3.755779999999998836e+03 -2.019888688486791515e-03
-3.655779999999998836e+03 -2.028431644682862460e-03
-3.555779999999998836e+03 -2.036998313646017945e-03
-3.455779999999998836e+03 -2.045588743677511593e-03
-3.355779999999998836e+03 -2.054202983223941265e-03
-3.255779999999998836e+03 -2.062841080877615956e-03
-3.155779999999998836e+03 -2.071503085376925728e-03
-3.055779999999998836e+03 -2.080189045606707730e-03
-2.955779999999998836e+03 -2.088899010598614832e-03
-2.855779999999998836e+03 -2.097633029531484252e-03
-2.755779999999998836e+03 -2.106391151731703583e-03
-2.655779999999998836e+03 -2.115173426673581589e-03
-2.555779999999998836e+03 -2.123979903979712931e-03
-2.455779999999998836e+03 -2.132810633421348967e-03
-2.355779999999998836e+03 -2.141665664918763774e-03
-2.255779999999998836e+03 -2.150545048541623212e-03
-2.155779999999998836e+03 -2.159448834509351389e-03
-2.055779999999998836e+03 -2.168377073191500581e-03
-1.955779999999998836e+03 -2.177329815108117704e-03
-1.855779999999998836e+03 -2.186307110930112933e-03
-1.755779999999998836e+03 -2.195309011479627034e-03
-1.655779999999998836e+03 -2.204335567730399993e-03
-1.555779999999998836e+03 -2.213386830808138778e-03
-1.455779999999998836e+03 -2.222462851990884228e-03
-1.355779999999998836e+03 -2.231563682709381425e-03
-1.255779999999998836e+03 -2.240689374547443977e-03
-1.155779999999998836e+03 -2.249839979242326555e-03
-1.055779999999998836e+03 -2.259015548685087884e-03
-9.557799999999988358e+02 -2.268216134920962405e-03
-8.557799999999988358e+02 -2.277441790149727606e-03
-7.557799999999988358e+02 -2.286692566726069610e-03
-6.557799999999988358e+02 -2.295968517159953544e-03
-5.557799999999988358e+02 -2.305269694116991296e-03
-4.557799999999988358e+02 -2.314596150418807979e-03
-3.557799999999988358e+02 -2.323947939043410557e-03
-2.557799999999988358e+02 -2.333325113125557342e-03
-1.557799999999988358e+02 -2.342727725957123152e-03
-5.577999999999883585e+01 -2.352155830987468811e-03
4.422000000000116415e+01 -2.361609481823810208e-03
1.442200000000011642e+02 -2.371088732231582587e-03
2.442200000000011642e+02 -2.380593636134812653e-03
3.442200000000011642e+02 -2.390124247616484589e-03
4.442200000000011642e+02 -2.399680620918907391e-03
5.442200000000011642e+02 -2.409262810444083493e-03
6.442200000000011642e+02 -2.418870870754077397e-03
7.442200000000011642e+02 -2.428504856571381699e-03
8.442200000000011642e+02 -2.438164822779287887e-03
9.442200000000011642e+02 -2.447850824422251065e-03
1.044220000000001164e+03 -2.457562916706259887e-03
1.144220000000001164e+03 -2.467301154999204747e-03
1.244220000000001164e+03 -2.477065594831244239e-03
1.344220000000001164e+03 -2.486856291895174226e-03
1.444220000000001164e+03 -2.496673302046794728e-03
1.544220000000001164e+03 -2.506516681305279420e-03
1.644220000000001164e+03 -2.516386485853541657e-03
1.744220000000001164e+03 -2.526282772038605275e-03
1.844220000000001164e+03 -2.536205596371968445e-03
1.944220000000001164e+03 -2.546155015529974475e-03
2.044220000000001164e+03 -2.556131086354180432e-03
2.144220000000001164e+03 -2.566133865851722741e-03
2.244220000000001164e+03 -2.576163411195685378e-03
2.344220000000001164e+03 -2.586219779725469799e-03
2.444220000000001164e+03 -2.596303028947160967e-03
2.544220000000001164e+03 -2.606413216533895547e-03
2.644220000000001164e+03 -2.616550400326231839e-03
2.744220000000001164e+03 -2.626714638332514496e-03
2.844220000000001164e+03 -2.636905988729244029e-03
2.944220000000001164e+03 -2.647124509861446730e-03
3.044220000000001164e+03 -2.657370260243038101e-03
3.144220000000001164e+03 -2.667643298557194950e-03
3.244220000000001164e+03 -2.677943683656720981e-03
3.344220000000001164e+03 -2.688271474564415866e-03
3.444220000000001164e+03 -2.698626730473442994e-03
3.544220000000001164e+03 -2.709009510747696376e-03
3.644220000000001164e+03 -2.719419874922169699e-03
3.744220000000001164e+03 -2.729857882703324960e-03
3.844220000000001164e+03 -2.740323593969457624e-03
3.944220000000001164e+03 -2.750817068771067419e-03
4.044220000000001164e+03 -2.761338367331224800e-03
4.144220000000001164e+03 -2.771887550045940007e-03
4.244220000000001164e+03 -2.782464677484529098e-03
4.344220000000001164e+03 -2.793069810389983872e-03
4.444220000000001164e+03 -2.803703009679337464e-03
4.544220000000001164e+03 -2.814364336444036448e-03
4.644220000000001164e+03 -2.825053851950303820e-03
4.744220000000001164e+03 -2.835771617639510234e-03
4.844220000000001164e+03 -2.846517695128540030e-03
4.944220000000001164e+03 -2.857292146210161157e-03
5.044220000000001164e+03 -2.868095032853391641e-03
5.144220000000001164e+03 -2.878926417203866907e-03
5.244220000000001164e+03 -2.889786361584210147e-03
5.344220000000001164e+03 -2.900674928494397908e-03
5.444220000000001164e+03 -2.911592180612129158e-03
5.544220000000001164e+03 -2.922538180793192181e-03
5.644220000000001164e+03 -2.933512992071834937e-03
5.744220000000001164e+03 -2.944516677661129355e-03
5.844220000000001164e+03 -2.955549300953343433e-03
5.944220000000001164e+03 -2.966610925520305093e-03
6.044220000000001164e+03 -2.977701615113772984e-03
6.144220000000001164e+03 -2.988821433665802500e-03
6.244220000000001164e+03 -2.999970445289116584e-03
6.344220000000001164e+03 -3.011148714277470020e-03
6.444220000000001164e+03 -3.022356305106018923e-03
6.544220000000001164e+03 -3.033593282431690675e-03
6.644220000000001164e+03 -3.044859711093547781e-03
6.744220000000001164e+03 -3.056155656113159966e-03
6.844220000000001164e+03 -3.067481182694969336e-03
6.944220000000001164e+03 -3.078836356226658140e-03
7.044220000000001164e+03 -3.090221242279519564e-03
7.144220000000001164e+03 -3.101635906608822459e-03
7.244220000000001164e+03 -3.113080415154181706e-03
7.344220000000001164e+03 -3.124554834039923804e-03
7.444220000000001164e+03 -3.136059229575457238e-03
7.544220000000001164e+03 -3.147593668255638504e-03
7.644220000000001164e+03 -3.159158216761141173e-03
7.744220000000001164e+03 -3.170752941958824515e-03
7.844220000000001164e+03 -3.182377910902097363e-03
7.944220000000001164e+03 -3.194033190831291509e-03
8.044220000000001164e+03 -3.205718849174027298e-03
8.144220000000001164e+03 -3.217434953545579221e-03
8.244220000000001164e+03 -3.229181571749248879e-03
8.344220000000001164e+03 -3.240958771776727542e-03
8.444220000000001164e+03 -3.252766621808468248e-03
8.544220000000001164e+03 -3.264605190214052259e-03
8.644220000000001164e+03 -3.276474545552555961e-03
8.744220000000001164e+03 -3.288374756572919489e-03
8.844220000000001164e+03 -3.300305892214316222e-03
8.944220000000001164e+03 -3.312268021606517513e-03
9.044220000000001164e+03 -3.324261214070264783e-03
9.144220000000001164e+03 -3.336285539117633380e-03
9.244220000000001164e+03 -3.348341066452401645e-03
9.344220000000001164e+03 -3.360427865970422139e-03
9.444220000000001164e+03 -3.372546007759984199e-03
9.544220000000001164e+03 -3.384695562102186910e-03
9.644220000000001164e+03 -3.396876599471302955e-03
9.744220000000001164e+03 -3.409089190535148552e-03
9.844220000000001164e+03 -3.421333406155451645e-03
9.944220000000001164e+03 -3.433609317388219232e-03
1.004422000000000116e+04 -3.445916995484105995e-03
1.014422000000000116e+04 -3.458256511888780759e-03
1.024422000000000116e+04 -3.470627938243294255e-03
1.034422000000000116e+04 -3.483031346384451218e-03
1.044422000000000116e+04 -3.495466808345172073e-03
1.054422000000000116e+04 -3.507934396354865907e-03
1.064422000000000116e+04 -3.520434182839795624e-03
1.074422000000000116e+04 -3.532966240423447007e-03
1.084422000000000116e+04 -3.545530641926896917e-03
1.094422000000000116e+04 -3.558127460369179314e-03
1.104422000000000116e+04 -3.570756768967656928e-03
1.114422000000000116e+04 -3.583418641138383376e-03
1.124422000000000116e+04 -3.596113150496478301e-03
1.134422000000000116e+04 -3.608840370856488625e-03
1.144422000000000116e+04 -3.621600376232761952e-03
1.154422000000000116e+04 -3.634393240839809119e-03
1.164422000000000116e+04 -3.647219039092677601e-03
1.174422000000000116e+04 -3.660077845607315368e-03
1.184422000000000116e+04 -3.672969735200940812e-03
1.194422000000000116e+04 -3.685894782892410078e-03
1.204422000000000116e+04 -3.698853063902584389e-03
1.214422000000000116e+04 -3.711844653654699979e-03
1.224422000000000116e+04 -3.724869627774733249e-03
1.234422000000000116e+04 -3.737928062091771999e-03
1.244422000000000116e+04 -3.751020032638379721e-03
1.254422000000000116e+04 -3.764145615650965528e-03
1.264422000000000116e+04 -3.777304887570152349e-03
1.274422000000000116e+04 -3.790497925041145990e-03
1.284422000000000116e+04 -3.803724804914098128e-03
1.294422000000000116e+04 -3.816985604244480575e-03
1.304422000000000116e+04 -3.830280400293448705e-03
1.314422000000000116e+04 -3.843609270528210945e-03
1.324422000000000116e+04 -3.856972292622397411e-03
1.334422000000000116e+04 -3.870369544456425497e-03
1.344422000000000116e+04 -3.883801104117872403e-03
1.354422000000000116e+04 -3.897267049901837269e-03
1.364422000000000116e+04 -3.910767460311313261e-03
1.374422000000000116e+04 -3.924302414057553173e-03
1.384422000000000116e+04 -3.937871990060439788e-03
1.394422000000000116e+04 -3.951476267448851033e-03
1.404422000000000116e+04 -3.965115325561030350e-03
1.414422000000000116e+04 -3.978789243944952717e-03
1.424422000000000116e+04 -3.992498102358694144e-03
1.434422000000000116e+04 -4.006241980770796837e-03
1.444422000000000116e+04 -4.020020959360643027e-03
1.454422000000000116e+04 -4.033835118518815793e-03
1.464422000000000116e+04 -4.047684538847470294e-03
1.474422000000000116e+04 -4.061569301160703263e-03
1.484422000000000116e+04 -4.075489486484919037e-03
1.494422000000000116e+04 -4.089445176059197315e-03
1.504422000000000116e+04 -4.103436451335660054e-03
1.514422000000000116e+04 -4.117463393979844434e-03
1.524422000000000116e+04 -4.131526085871063680e-03
1.534422000000000116e+04 -4.145624609102780897e-03
1.544422000000000116e+04 -4.159759045982975093e-03
1.554422000000000116e+04 -4.173929479034503738e-03
1.564422000000000116e+04 -4.188135990995483539e-03
1.574422000000000116e+04 -4.202378664819643450e-03
1.584422000000000116e+04 -4.216657583676705449e-03
1.594422000000000116e+04 -4.230972830952741889e-03
1.604422000000000116e+04 -4.245324490250549331e-03
1.614422000000000116e+04 -4.259712645390018038e-03
1.624422000000000116e+04 -4.274137380408494537e-03
1.634422000000000116e+04 -4.288598779561151979e-03
1.644422000000000116e+04 -4.303096927321360503e-03
1.654422000000000116e+04 -4.317631908381052395e-03
1.664422000000000116e+04 -4.332203807651089852e-03
1.674422000000000116e+04 -4.346812710261633607e-03
1.684422000000000116e+04 -4.361458701562510691e-03
1.694422000000000116e+04 -4.376141867123583065e-03
1.704422000000000116e+04 -4.390862292735117113e-03
1.714422000000000116e+04 -4.405620064408147067e-03
1.724422000000000116e+04 -4.420415268374844504e-03
1.734422000000000116e+04 -4.435247991088891312e-03
1.744422000000000116e+04 -4.450118319225839641e-03
1.754422000000000116e+04 -4.465026339683484009e-03
1.764422000000000116e+04 -4.479972139582231658e-03
1.774422000000000116e+04 -4.494955806265467715e-03
1.784422000000000116e+04 -4.509977427299917754e-03
1.794422000000000116e+04 -4.525037090476028562e-03
1.804422000000000116e+04 -4.540134883808322891e-03
1.814422000000000116e+04 -4.555270895535777631e-03
1.824422000000000116e+04 -4.570445214122183762e-03
1.834422000000000116e+04 -4.585657928256518454e-03
1.844422000000000116e+04 -4.600909126853314560e-03
1.854422000000000116e+04 -4.616198899053024912e-03
1.864422000000000116e+04 -4.631527334222390949e-03
1.874422000000000116e+04 -4.646894521954813076e-03
1.884422000000000116e+04 -4.662300552070715830e-03
1.894422000000000116e+04 -4.677745514617914768e-03
1.904422000000000116e+04 -4.693229499871992907e-03
1.914422000000000116e+04 -4.708752598336655472e-03
1.924422000000000116e+04 -4.724314900744107197e-03
1.934422000000000116e+04 -4.739916498055419224e-03
1.944422000000000116e+04 -4.755557481460893389e-03
1.954422000000000116e+04 -4.771237942380434326e-03
1.964422000000000116e+04 -4.786957972463911151e-03
1.974422000000000116e+04 -4.802717663591535638e-03
1.984422000000000116e+04 -4.818517107874219565e-03
1.994422000000000116e+04 -4.834356397653949422e-03
2.004422000000000116e+04 -4.850235625504149828e-03
2.014422000000000116e+04 -4.866154884230056502e-03
2.024422000000000116e+04 -4.882114266869080552e-03
2.034422000000000116e+04 -4.898113866691176238e-03
2.044422000000000116e+04 -4.914153777199210468e-03
2.054422000000000116e+04 -4.930234092129331426e-03
2.064422000000000116e+04 -4.946354905451332863e-03
2.074422000000000116e+04 -4.962516311369027065e-03
2.084422000000000116e+04 -4.978718404320610878e-03
2.094422000000000116e+04 -4.994961278979027398e-03
2.104422000000000116e+04 -5.011245030252345009e-03
2.114422000000000116e+04 -5.027569753284119071e-03
2.124422000000000116e+04 -5.043935543453758816e-03
2.134422000000000116e+04 -5.060342496376896843e-03
2.144422000000000116e+04 -5.076790707905759481e-03
2.154422000000000116e+04 -5.093280274129531084e-03
2.164422000000000116e+04 -5.109811291374721787e-03
2.174422000000000116e+04 -5.126383856205540476e-03
2.184422000000000116e+04 -5.142998065424255610e-03
2.194422000000000116e+04 -5.159654016071570787e-03
2.204422000000000116e+04 -5.176351805426985565e-03
2.214422000000000116e+04 -5.193091531009166699e-03
2.224422000000000116e+04 -5.209873290576318497e-03
2.234422000000000116e+04 -5.226697182126544515e-03
2.244422000000000116e+04 -5.243563303898220521e-03
2.254422000000000116e+04 -5.260471754370363989e-03
2.264422000000000116e+04 -5.277422632262993192e-03
2.274422000000000116e+04 -5.294416036537508835e-03
2.284422000000000116e+04 -5.311452066397046208e-03
2.294422000000000116e+04 -5.328530821286853354e-03
2.304422000000000116e+04 -5.345652400894663168e-03
2.314422000000000116e+04 -5.362816905151044679e-03
2.324422000000000116e+04 -5.380024434229788155e-03
2.334422000000000116e+04 -5.397275088548263329e-03
2.344422000000000116e+04 -5.414568968767794095e-03
2.354422000000000116e+04 -5.431906175794014129e-03
2.364422000000000116e+04 -5.449286810777252861e-03
2.374422000000000116e+04 -5.466710975112885895e-03
2.384422000000000116e+04 -5.484178770441715776e-03
2.394422000000000116e+04 -5.501690298650332815e-03
2.404422000000000116e+04 -5.519245661871481981e-03
2.414422000000000116e+04 -5.536844962484441940e-03
2.424422000000000116e+04 -5.554488303115378070e-03
2.434422000000000116e+04 -5.572175786637718030e-03
2.444422000000000116e+04 -5.589907516172522989e-03
2.454422000000000116e+04 -5.607683595088846715e-03
2.464422000000000116e+04 -5.625504127004112009e-03
2.474422000000000116e+04 -5.643369215784471531e-03
2.484422000000000116e+04 -5.661278965545184227e-03
2.494422000000000116e+04 -5.679233480650971826e-03
2.504422000000000116e+04 -5.697232865716398732e-03
2.514422000000000116e+04 -5.715277225606229389e-03
2.524422000000000116e+04 -5.733366665435807308e-03
2.534422000000000116e+04 -5.751501290571409825e-03
2.544422000000000116e+04 -5.769681206630628868e-03
2.554422000000000116e+04 -5.787906519482730917e-03
2.564422000000000116e+04 -5.806177335249025628e-03
2.574422000000000116e+04 -5.824493760303238801e-03
2.584422000000000116e+04 -5.842855901271872335e-03
2.594422000000000116e+04 -5.861263865034580661e-03
2.604422000000000116e+04 -5.879717758724534171e-03
2.614422000000000116e+04 -5.898217689728782638e-03
2.624422000000000116e+04 -5.916763765688634255e-03
2.634422000000000116e+04 -5.935356094500015590e-03
2.644422000000000116e+04 -5.953994784313839349e-03
2.654422000000000116e+04 -5.972679943536378204e-03
2.664422000000000116e+04 -5.991411680829623887e-03
2.674422000000000116e+04 -6.010190105111663621e-03
2.684422000000000116e+04 -6.029015325557044412e-03
2.694422000000000116e+04 -6.047887451597137344e-03
2.704422000000000116e+04 -6.066806592920515745e-03
2.714422000000000116e+04 -6.085772859473311674e-03
2.724422000000000116e+04 -6.104786361459588022e-03
2.734422000000000116e+04 -6.123847209341712339e-03
2.744422000000000116e+04 -6.142955513840715927e-03
2.754422000000000116e+04 -6.162111385936665936e-03
2.764422000000000116e+04 -6.181314936869032259e-03
2.774422000000000116e+04 -6.200566278137057893e-03
2.784422000000000116e+04 -6.219865521500123236e-03
2.794422000000000116e+04 -6.239212778978119045e-03
2.804422000000000116e+04 -6.258608162851806399e-03
2.814422000000000116e+04 -6.278051785663192261e-03
2.824422000000000116e+04 -6.297543760215895507e-03
2.834422000000000116e+04 -6.317084199575511219e-03
2.844422000000000116e+04 -6.336673217069983648e-03
2.854422000000000116e+04 -6.356310926289967904e-03
2.864422000000000116e+04 -6.375997441089208996e-03
2.874422000000000116e+04 -6.395732875584894846e-03
2.884422000000000116e+04 -6.415517344158037059e-03
2.894422000000000116e+04 -6.435350961453830884e-03
2.904422000000000116e+04 -6.455233842382026438e-03
2.914422000000000116e+04 -6.475166102117298206e-03
2.924422000000000116e+04 -6.495147856099610199e-03
2.934422000000000116e+04 -6.515179220034581116e-03
2.944422000000000116e+04 -6.535260309893859906e-03
2.954422000000000116e+04 -6.555391241915489199e-03
2.964422000000000116e+04 -6.575572132604272195e-03
2.974422000000000116e+04 -6.595803098732142163e-03
2.984422000000000116e+04 -6.616084257338531935e-03
2.994422000000000116e+04 -6.636415725730738201e-03
3.004422000000000116e+04 -6.656797621484290134e-03
3.014422000000000116e+04 -6.677230062443324093e-03
3.024422000000000116e+04 -6.697713166720940976e-03
3.034422000000000116e+04 -6.718247052699580918e-03
3.044422000000000116e+04 -6.738831839031388451e-03
3.054422000000000116e+04 -6.759467644638582871e-03
3.064422000000000116e+04 -6.780154588713826862e-03
3.074422000000000116e+04 -6.800892790720587319e-03
3.084422000000000116e+04 -6.821682370393510053e-03
3.094422000000000116e+04 -6.842523447738791016e-03
3.104422000000000116e+04 -6.863416143034531056e-03
3.114422000000000116e+04 -6.884360576831118420e-03
3.124422000000000116e+04 -6.905356869951587845e-03
3.134422000000000116e+04 -6.926405143491990921e-03
3.144422000000000116e+04 -6.947505518821763849e-03
3.154422000000000116e+04 -6.968658117584096076e-03
3.164422000000000116e+04 -6.989863061696298049e-03
3.174422000000000116e+04 -7.011120473350168983e-03
3.184422000000000116e+04 -7.032430475012362882e-03
3.194422000000000116e+04 -7.053793189424760642e-03
3.204422000000000116e+04 -7.075208739604833472e-03
3.214422000000000116e+04 -7.096677248846014127e-03
3.224422000000000116e+04 -7.118198840718063802e-03
3.234422000000000116e+04 -7.139773639067439025e-03
3.244422000000000116e+04 -7.161401768017661151e-03
3.254422000000000116e+04 -7.183083351969684130e-03
3.264422000000000116e+04 -7.204818515602257924e-03
3.274422000000000116e+04 -7.226607383872308416e-03
3.284422000000000116e+04 -7.248450082015288690e-03
3.294422000000000116e+04 -7.270346735545561538e-03
3.304422000000000116e+04 -7.292297470256760283e-03
3.314422000000000116e+04 -7.314302412222155672e-03
3.324422000000000116e+04 -7.336361687795027106e-03
3.334422000000000116e+04 -7.358475423609031271e-03
3.344422000000000116e+04 -7.380643746578569031e-03
3.354422000000000116e+04 -7.402866783899146250e-03
3.364422000000000116e+04 -7.425144663047754563e-03
3.374422000000000116e+04 -7.447477511783233937e-03
3.384422000000000116e+04 -7.469865458146631755e-03
3.394422000000000116e+04 -7.492308630461586190e-03
3.404422000000000116e+04 -7.514807157334682693e-03
3.414422000000000116e+04 -7.537361167655826956e-03
3.424422000000000116e+04 -7.559970790598611809e-03
3.434422000000000116e+04 -7.582636155620683244e-03
3.444422000000000116e+04 -7.605357392464113381e-03
3.454422000000000116e+04 -7.628134631155759557e-03
3.464422000000000116e+04 -7.650968002007645964e-03
3.474422000000000116e+04 -7.673857635617314064e-03
3.484422000000000116e+04 -7.696803662868208565e-03
3.494422000000000116e+04 -7.719806214930028700e-03
3.504422000000000116e+04 -7.742865423259111604e-03
3.514422000000000116e+04 -7.765981419598787065e-03
3.524422000000000116e+04 -7.789154335979753090e-03
3.534422000000000116e+04 -7.812384304720443665e-03
3.544422000000000116e+04 -7.835671458427392183e-03
3.554422000000000116e+04 -7.859015929995603542e-03
3.564422000000000116e+04 -7.882417852608920167e-03
3.574422000000000116e+04 -7.905877359740390645e-03
3.584422000000000116e+04 -7.929394585152637481e-03
3.594422000000000116e+04 -7.952969662898223130e-03
3.604422000000000116e+04 -7.976602727320026426e-03
3.614422000000000116e+04 -8.000293913051594735e-03
3.624422000000000116e+04 -8.024043355017525594e-03
3.634422000000000116e+04 -8.047851188433831002e-03
3.644422000000000116e+04 -8.071717548808303444e-03
3.654422000000000116e+04 -8.095642571940885393e-03
3.664422000000000116e+04 -8.119626393924033597e-03
3.674422000000000116e+04 -8.143669151143093782e-03
3.684422000000000116e+04 -8.167770980276664941e-03
3.694422000000000116e+04 -8.191932018296963630e-03
3.704422000000000116e+04 -8.216152402470196930e-03
3.714422000000000116e+04 -8.240432270356933681e-03
3.724422000000000116e+04 -8.264771759812458360e-03
3.734422000000000116e+04 -8.289171008987156197e-03
3.744422000000000116e+04 -8.313630156326872259e-03
3.754422000000000116e+04 -8.338149340573277474e-03
3.764422000000000116e+04 -8.362728700764239867e-03
3.774422000000000116e+04 -8.387368376234192319e-03
3.784422000000000116e+04 -8.412068506614502061e-03
3.794422000000000116e+04 -8.436829231833836706e-03
3.804422000000000116e+04 -8.461650692118530270e-03
3.814422000000000116e+04 -8.486533027992950937e-03
3.824422000000000116e+04 -8.511476380279879225e-03
3.834422000000000116e+04 -8.536480890100860142e-03
3.844422000000000116e+04 -8.561546698876583081e-03
3.854422000000000116e+04 -8.586673948327242650e-03
3.864422000000000116e+04 -8.611862780472909901e-03
3.874422000000000116e+04 -8.637113337633901822e-03
3.884422000000000116e+04 -8.662425762431149104e-03
3.894422000000000116e+04 -8.687800197786555226e-03
3.904422000000000116e+04 -8.713236786923378094e-03
3.914422000000000116e+04 -8.738735673366585660e-03
3.924422000000000116e+04 -8.764297000943235827e-03
3.934422000000000116e+04 -8.789920913782833800e-03
3.944422000000000116e+04 -8.815607556317705054e-03
3.954422000000000116e+04 -8.841357073283363094e-03
3.964422000000000116e+04 -8.867169609718875481e-03
3.974422000000000116e+04 -8.893045310967235065e-03
3.984422000000000116e+04 -8.918984322675722540e-03
3.994422000000000116e+04 -8.944986790796282880e-03
4.004422000000000116e+04 -8.971052861585882693e-03
4.014422000000000116e+04 -8.997182681606886653e-03
4.024422000000000116e+04 -9.023376397727425266e-03
4.034422000000000116e+04 -9.049634157121752218e-03
4.044422000000000116e+04 -9.075956107270627751e-03
4.054422000000000116e+04 -9.102342395961670815e-03
4.064422000000000116e+04 -9.128793171289744171e-03
4.074422000000000116e+04 -9.155308581657306544e-03
4.084422000000000116e+04 -9.181888775774789055e-03
4.094422000000000116e+04 -9.208533902660961251e-03
4.104422000000000116e+04 -9.235244111643302334e-03
4.114422000000000116e+04 -9.262019552358360247e-03
4.124422000000000116e+04 -9.288860374752128113e-03
4.134422000000000116e+04 -9.315766729080408523e-03
4.144422000000000116e+04 -9.342738765909184770e-03
4.154422000000000116e+04 -9.369776636114979934e-03
4.164422000000000116e+04 -9.396880490885240259e-03
4.174422000000000116e+04 -9.424050481718689032e-03
4.184422000000000116e+04 -9.451286760425696085e-03
4.194422000000000116e+04 -9.478589479128652490e-03
4.204422000000000116e+04 -9.505958790262336588e-03
4.214422000000000116e+04 -9.533394846574278284e-03
4.224422000000000116e+04 -9.560897801125130269e-03
4.234422000000000116e+04 -9.588467807289032321e-03
4.244422000000000116e+04 -9.616105018753984268e-03
4.254422000000000116e+04 -9.643809589522212011e-03
4.264422000000000116e+04 -9.671581673910530086e-03
4.274422000000000116e+04 -9.699421426550721564e-03
4.284422000000000116e+04 -9.727329002389891940e-03
4.294422000000000116e+04 -9.755304556690847298e-03
4.304422000000000116e+04 -9.783348245032458604e-03
4.314422000000000116e+04 -9.811460223310025999e-03
4.324422000000000116e+04 -9.839640647735658704e-03
4.334422000000000116e+04 -9.867889674838628902e-03
4.344422000000000116e+04 -9.896207461465744704e-03
4.354422000000000116e+04 -9.924594164781721378e-03
4.364422000000000116e+04 -9.953049942269547382e-03
4.374422000000000116e+04 -9.981574951730852116e-03
4.384422000000000116e+04 -1.001016935128626849e-02
4.394422000000000116e+04 -1.003883329937581281e-02
4.404422000000000116e+04 -1.006756695475924217e-02
4.414422000000000116e+04 -1.009637047651642389e-02
4.424422000000000116e+04 -1.012524402404771200e-02
4.434422000000000116e+04 -1.015418775707430284e-02
4.444422000000000116e+04 -1.018320183563861149e-02
4.454422000000000116e+04 -1.021228642010463608e-02
4.464422000000000116e+04 -1.024144167115832726e-02
4.474422000000000116e+04 -1.027066774980795599e-02
4.484422000000000116e+04 -1.029996481738447954e-02
4.494422000000000116e+04 -1.032933303554191273e-02
4.504422000000000116e+04 -1.035877256625769571e-02
4.514422000000000116e+04 -1.038828357183305476e-02
4.524422000000000116e+04 -1.041786621489338045e-02
4.534422000000000116e+04 -1.044752065838859371e-02
4.544422000000000116e+04 -1.047724706559349968e-02
4.554422000000000116e+04 -1.050704560010817801e-02
4.564422000000000116e+04 -1.053691642585833504e-02
4.574422000000000116e+04 -1.056685970709567678e-02
4.584422000000000116e+04 -1.059687560839827659e-02
4.594422000000000116e+04 -1.062696429467094479e-02
4.604422000000000116e+04 -1.065712593114559112e-02
4.614422000000000116e+04 -1.068736068338159949e-02
4.624422000000000116e+04 -1.071766871726619053e-02
4.634422000000000116e+04 -1.074805019901479454e-02
4.644422000000000116e+04 -1.077850529517141408e-02
4.654422000000000116e+04 -1.080903417260899342e-02
4.664422000000000116e+04 -1.083963699852979329e-02
4.674422000000000116e+04 -1.087031394046574645e-02
4.684422000000000116e+04 -1.090106516627883243e-02
4.694422000000000116e+04 -1.093189084416145568e-02
4.704422000000000116e+04 -1.096279114263678384e-02
4.714422000000000116e+04 -1.099376623055915540e-02
4.724422000000000116e+04 -1.102481627711441453e-02
4.734422000000000116e+04 -1.105594145182029440e-02
4.744422000000000116e+04 -1.108714192452678327e-02
4.754422000000000116e+04 -1.111841786541649044e-02
4.764422000000000116e+04 -1.114976944500501582e-02
4.774422000000000116e+04 -1.118119683414131767e-02
4.784422000000000116e+04 -1.121270020400808205e-02
4.794422000000000116e+04 -1.124427972612208199e-02
4.804422000000000116e+04 -1.127593557233456077e-02
4.814422000000000116e+04 -1.130766791483158416e-02
4.824422000000000116e+04 -1.133947692613441853e-02
4.834422000000000116e+04 -1.137136277909989862e-02
4.844422000000000116e+04 -1.140332564692079012e-02
4.854422000000000116e+04 -1.143536570312615568e-02
4.864422000000000116e+04 -1.146748312158173654e-02
4.874422000000000116e+04 -1.149967807649030470e-02
4.884422000000000116e+04 -1.153195074239203415e-02
4.894422000000000116e+04 -1.156430129416488421e-02
4.904422000000000116e+04 -1.159672990702494480e-02
4.914422000000000116e+04 -1.162923675652681975e-02
4.924422000000000116e+04 -1.166182201856398246e-02
4.934422000000000116e+04 -1.169448586936916099e-02
4.944422000000000116e+04 -1.172722848551469368e-02
4.954422000000000116e+04 -1.176005004391289348e-02
4.964422000000000116e+04 -1.179295072181642950e-02
4.974422000000000116e+04 -1.182593069681868100e-02
4.984422000000000116e+04 -1.185899014685411895e-02
4.994422000000000116e+04 -1.189212925019866342e-02
5.004422000000000116e+04 -1.192534818547005132e-02
5.014422000000000116e+04 -1.195864713162821114e-02
5.024422000000000116e+04 -1.199202626797562891e-02
5.034422000000000116e+04 -1.202548577415771432e-02
5.044422000000000116e+04 -1.205902583016316663e-02
5.054422000000000116e+04 -1.209264661632434776e-02
5.064422000000000116e+04 -1.212634831331764820e-02
5.074422000000000116e+04 -1.216013110216385140e-02
5.084422000000000116e+04 -1.219399516422850320e-02
5.094422000000000116e+04 -1.222794068122229350e-02
5.104422000000000116e+04 -1.226196783520139277e-02
5.114422000000000116e+04 -1.229607680856785283e-02
5.124422000000000116e+04 -1.233026778406995719e-02
5.134422000000000116e+04 -1.236454094480259405e-02
5.144422000000000116e+04 -1.239889647420762582e-02
5.154422000000000116e+04 -1.243333455607424295e-02
5.164422000000000116e+04 -1.246785537453935604e-02
5.174422000000000116e+04 -1.250245911408794444e-02
5.184422000000000116e+04 -1.253714595955342931e-02
5.194422000000000116e+04 -1.257191609611805344e-02
5.204422000000000116e+04 -1.260676970931322305e-02
5.214422000000000116e+04 -1.264170698501990327e-02
5.224422000000000116e+04 -1.267672810946896857e-02
5.234422000000000116e+04 -1.271183326924158093e-02
5.244422000000000116e+04 -1.274702265126954719e-02
5.254422000000000116e+04 -1.278229644283569548e-02
5.264422000000000116e+04 -1.281765483157424473e-02
5.274422000000000116e+04 -1.285309800547116202e-02
5.284422000000000116e+04 -1.288862615286454072e-02
5.294422000000000116e+04 -1.292423946244496136e-02
5.304422000000000116e+04 -1.295993812325586629e-02
5.314422000000000116e+04 -1.299572232469392401e-02
5.324422000000000116e+04 -1.303159225650940035e-02
5.334422000000000116e+04 -1.306754810880651069e-02
5.344422000000000116e+04 -1.310359007204381712e-02
5.354422000000000116e+04 -1.313971833703456334e-02
5.364422000000000116e+04 -1.317593309494707703e-02
5.374422000000000116e+04 -1.321223453730510644e-02
5.384422000000000116e+04 -1.324862285598820549e-02
5.394422000000000116e+04 -1.328509824323209632e-02
5.404422000000000116e+04 -1.332166089162904223e-02
5.414422000000000116e+04 -1.335831099412821202e-02
5.424422000000000116e+04 -1.339504874403604426e-02
5.434422000000000116e+04 -1.343187433501662371e-02
5.444422000000000116e+04 -1.346878796109204045e-02
5.454422000000000116e+04 -1.350578981664276278e-02
5.464422000000000116e+04 -1.354288009640801024e-02
5.474422000000000116e+04 -1.358005899548610576e-02
5.484422000000000116e+04 -1.361732670933485899e-02
5.494422000000000116e+04 -1.365468343377192889e-02
5.504422000000000116e+04 -1.369212936497519496e-02
5.514422000000000116e+04 -1.372966469948310939e-02
5.524422000000000116e+04 -1.376728963419509254e-02
5.534422000000000116e+04 -1.380500436637187821e-02
5.544422000000000116e+04 -1.384280909363588656e-02
5.554422000000000116e+04 -1.388070401397159710e-02
5.564422000000000116e+04 -1.391868932572591644e-02
5.574422000000000116e+04 -1.395676522760853737e-02
5.584422000000000116e+04 -1.399493191869232399e-02
5.594422000000000116e+04 -1.403318959841365690e-02
5.604422000000000116e+04 -1.407153846657282006e-02
5.614422000000000116e+04 -1.410997872333436161e-02
5.624422000000000116e+04 -1.414851056922745987e-02
5.634422000000000116e+04 -1.418713420514629286e-02
5.644422000000000116e+04 -1.422584983235040956e-02
5.654422000000000116e+04 -1.426465765246509240e-02
5.664422000000000116e+04 -1.430355786748172681e-02
5.674422000000000116e+04 -1.434255067975817935e-02
5.684422000000000116e+04 -1.438163629201914123e-02
5.694422000000000116e+04 -1.442081490735652206e-02
5.704422000000000116e+04 -1.446008672922980548e-02
5.714422000000000116e+04 -1.449945196146641864e-02
5.724422000000000116e+04 -1.453891080826209999e-02
5.734422000000000116e+04 -1.457846347418126527e-02
5.744422000000000116e+04 -1.461811016415737879e-02
5.754422000000000116e+04 -1.465785108349332115e-02
5.764422000000000116e+04 -1.469768643786176048e-02
5.774422000000000116e+04 -1.473761643330550805e-02
5.784422000000000116e+04 -1.477764127623789996e-02
5.794422000000000116e+04 -1.481776117344315614e-02
5.804422000000000116e+04 -1.485797633207675168e-02
5.814422000000000116e+04 -1.489828695966578798e-02
5.824422000000000116e+04 -1.493869326410935706e-02
5.834422000000000116e+04 -1.497919545367890765e-02
5.844422000000000116e+04 -1.501979373701861110e-02
5.854422000000000116e+04 -1.506048832314574489e-02
5.864422000000000116e+04 -1.510127942145103770e-02
5.874422000000000116e+04 -1.514216724169905985e-02
5.884422000000000116e+04 -1.518315199402856495e-02
5.894422000000000116e+04 -1.522423388895288894e-02
5.904422000000000116e+04 -1.526541313736029352e-02
5.914422000000000116e+04 -1.530668995051434784e-02
5.924422000000000116e+04 -1.534806454005428061e-02
5.934422000000000116e+04 -1.538953711799537043e-02
5.944422000000000116e+04 -1.543110789672929792e-02
5.954422000000000116e+04 -1.547277708902451872e-02
5.964422000000000116e+04 -1.551454490802662602e-02
5.974422000000000116e+04 -1.555641156725873046e-02
5.984422000000000116e+04 -1.559837728062181406e-02
5.994422000000000116e+04 -1.564044226239510657e-02
6.004422000000000116e+04 -1.568260672723644986e-02
6.014422000000000116e+04 -1.572487089018267947e-02
6.024422000000000116e+04 -1.576723496664995602e-02
6.034422000000000116e+04 -1.580969917243418496e-02
6.044422000000000116e+04 -1.585226372371133577e-02
6.054422000000000116e+04 -1.589492883703784443e-02
6.064422000000000116e+04 -1.593769472935096382e-02
6.074422000000000116e+04 -1.598056161796913149e-02
6.084422000000000116e+04 -1.602352972059235131e-02
6.094422000000000116e+04 -1.606659925530255079e-02
6.104422000000000116e+04 -1.610977044056394192e-02
6.114422000000000116e+04 -1.615304349522340630e-02
6.124422000000000116e+04 -1.619641863851084898e-02
6.134422000000000116e+04 -1.623989609003957321e-02
6.144422000000000116e+04 -1.628347606980665163e-02
6.154422000000000116e+04 -1.632715879819328711e-02
6.164422000000000116e+04 -1.637094449596518050e-02
6.174422000000000116e+04 -1.641483338427290189e-02
6.184422000000000116e+04 -1.645882568465226181e-02
6.194422000000000116e+04 -1.650292161902467206e-02
6.204422000000000116e+04 -1.654712140969751000e-02
6.214422000000000116e+04 -1.659142527936450714e-02
6.224422000000000116e+04 -1.663583345110610304e-02
6.234422000000000116e+04 -1.668034614838979565e-02
6.244422000000000116e+04 -1.672496359507054733e-02
6.254422000000000116e+04 -1.676968601539111439e-02
6.264422000000000116e+04 -1.681451363398244955e-02
6.274422000000000116e+04 -1.685944667586404197e-02
6.284422000000000116e+04 -1.690448536644430580e-02
6.294422000000000116e+04 -1.694962993152093408e-02
6.304422000000000116e+04 -1.699488059728126652e-02
6.314422000000000116e+04 -1.704023759030267454e-02
6.324422000000000116e+04 -1.708570113755290484e-02
6.334422000000000116e+04 -1.713127146639047138e-02
6.344422000000000116e+04 -1.717694880456499887e-02
6.354422000000000116e+04 -1.722273338021760788e-02
6.364422000000000116e+04 -1.726862542188128610e-02
6.374422000000000116e+04 -1.731462515848124564e-02
6.384422000000000116e+04 -1.736073281933528736e-02
6.394422000000000116e+04 -1.740694863415417903e-02
6.404422000000000116e+04 -1.745327283304201615e-02
6.414422000000000116e+04 -1.749970564649660013e-02
6.424422000000000116e+04 -1.754624730540979213e-02
6.434422000000000116e+04 -1.759289804106789826e-02
6.444422000000000116e+04 -1.763965808515201295e-02
6.454422000000000116e+04 -1.768652766973841453e-02
6.464422000000000116e+04 -1.773350702729891565e-02
6.474422000000000116e+04 -1.778059639070122752e-02
6.484422000000000116e+04 -1.782779599320935202e-02
6.494422000000000116e+04 -1.787510606848391470e-02
6.504422000000000116e+04 -1.792252685058257078e-02
6.514422000000000116e+04 -1.797005857396033468e-02
6.524422000000000116e+04 -1.801770147346998599e-02
6.534422000000000116e+04 -1.806545578436240598e-02
6.544422000000000116e+04 -1.811332174228695926e-02
6.554422000000000116e+04 -1.816129958329186153e-02
6.564422000000000116e+04 -1.820938954382455427e-02
6.574422000000000116e+04 -1.825759186073205517e-02
6.584422000000000116e+04 -1.830590677126132590e-02
6.594422000000000116e+04 -1.835433451305968494e-02
6.604422000000000116e+04 -1.840287532417510252e-02
6.614422000000000116e+04 -1.845152944305662734e-02
6.624422000000000116e+04 -1.850029710855473353e-02
6.634422000000000116e+04 -1.854917855992167103e-02
6.644422000000000116e+04 -1.859817403681187156e-02
6.654422000000000116e+04 -1.864728377928229902e-02
6.664422000000000116e+04 -1.869650802779278601e-02
6.674422000000000116e+04 -1.874584702320646057e-02
6.684422000000000116e+04 -1.879530100679006888e-02
6.694422000000000116e+04 -1.884487022021436031e-02
6.704422000000000116e+04 -1.889455490555445871e-02
6.714422000000000116e+04 -1.894435530529021972e-02
6.724422000000000116e+04 -1.899427166230659852e-02
6.734422000000000116e+04 -1.904430421989403849e-02
6.744422000000000116e+04 -1.909445322174880763e-02
6.754422000000000116e+04 -1.914471891197339418e-02
6.764422000000000116e+04 -1.919510153507686390e-02
6.774422000000000116e+04 -1.924560133597520706e-02
6.784422000000000116e+04 -1.929621855999175822e-02
6.794422000000000116e+04 -1.934695345285750157e-02
6.804422000000000116e+04 -1.939780626071149414e-02
6.814422000000000116e+04 -1.944877723010119547e-02
6.824422000000000116e+04 -1.949986660798285268e-02
6.834422000000000116e+04 -1.955107464172186477e-02
6.844422000000000116e+04 -1.960240157909315037e-02
6.854422000000000116e+04 -1.965384766828152246e-02
6.864422000000000116e+04 -1.970541315788203879e-02
6.874422000000000116e+04 -1.975709829690038694e-02
6.884422000000000116e+04 -1.980890333475325213e-02
6.894422000000000116e+04 -1.986082852126866763e-02
6.904422000000000116e+04 -1.991287410668640331e-02
6.914422000000000116e+04 -1.996504034165832303e-02
