-1.143557799999999988e+05 -2.364981566012807068e+00
-1.142557799999999988e+05 -2.396294619124905712e+00
-1.141557799999999988e+05 -2.427248857901135981e+00
-1.140557799999999988e+05 -2.457845974174156289e+00
-1.139557799999999988e+05 -2.488087655852900593e+00
-1.138557799999999988e+05 -2.517975586927964304e+00
-1.137557799999999988e+05 -2.547511447477059043e+00
-1.136557799999999988e+05 -2.576696913670671218e+00
-1.135557799999999988e+05 -2.605533657777518997e+00
-1.134557799999999988e+05 -2.634023348170044354e+00
-1.133557799999999988e+05 -2.662167649329835406e+00
-1.132557799999999988e+05 -2.689968221853427988e+00
-1.131557799999999988e+05 -2.717426722457616961e+00
-1.130557799999999988e+05 -2.744544803985004222e+00
-1.129557799999999988e+05 -2.771324115409438349e+00
-1.128557799999999988e+05 -2.797766301841725145e+00
-1.127557799999999988e+05 -2.823873004535066844e+00
-1.126557799999999988e+05 -2.849645860890482219e+00
-1.125557799999999988e+05 -2.875086504462410542e+00
-1.124557799999999988e+05 -2.900196564964276025e+00
-1.123557799999999988e+05 -2.924977668273872844e+00
-1.122557799999999988e+05 -2.949431436439094778e+00
-1.121557799999999988e+05 -2.973559487683191893e+00
-1.120557799999999988e+05 -2.997363436410519277e+00
-1.119557799999999988e+05 -3.020844893211810600e+00
-1.118557799999999988e+05 -3.044005464870128908e+00
-1.117557799999999988e+05 -3.066846754365792460e+00
-1.116557799999999988e+05 -3.089370360882435218e+00
-1.115557799999999988e+05 -3.111577879812098324e+00
-1.114557799999999988e+05 -3.133470902761087196e+00
-1.113557799999999988e+05 -3.155051017555229098e+00
-1.112557799999999988e+05 -3.176319808245748444e+00
-1.111557799999999988e+05 -3.197278855114250362e+00
-1.110557799999999988e+05 -3.217929734678705245e+00
-1.109557799999999988e+05 -3.238274019698760497e+00
-1.108557799999999988e+05 -3.258313279181343169e+00
-1.107557799999999988e+05 -3.278049078386097825e+00
-1.106557799999999988e+05 -3.297482978830953648e+00
-1.105557799999999988e+05 -3.316616538297489480e+00
-1.104557799999999988e+05 -3.335451310836956562e+00
-1.103557799999999988e+05 -3.353988846775004973e+00
-1.102557799999999988e+05 -3.372230692718071410e+00
-1.101557799999999988e+05 -3.390178391557979065e+00
-1.100557799999999988e+05 -3.407833482478322296e+00
-1.099557799999999988e+05 -3.425197500959470620e+00
-1.098557799999999988e+05 -3.442271978784242403e+00
-1.097557799999999988e+05 -3.459058444043289438e+00
-1.096557799999999988e+05 -3.475558421140899412e+00
-1.095557799999999988e+05 -3.491773430800235278e+00
-1.094557799999999988e+05 -3.507704990068991613e+00
-1.093557799999999988e+05 -3.523354612324924418e+00
-1.092557799999999988e+05 -3.538723807281180633e+00
-1.091557799999999988e+05 -3.553814080992137914e+00
-1.090557799999999988e+05 -3.568626935858733251e+00
-1.089557799999999988e+05 -3.583163870633866210e+00
-1.088557799999999988e+05 -3.597426380428200954e+00
-1.087557799999999988e+05 -3.611415956715459341e+00
-1.086557799999999988e+05 -3.625134087337969380e+00
-1.085557799999999988e+05 -3.638582256512377100e+00
-1.084557799999999988e+05 -3.651761944834920559e+00
-1.083557799999999988e+05 -3.664674629287032914e+00
-1.082557799999999988e+05 -3.677321783240981912e+00
-1.081557799999999988e+05 -3.689704876465161654e+00
-1.080557799999999988e+05 -3.701825375129806250e+00
-1.079557799999999988e+05 -3.713684741812353529e+00
-1.078557799999999988e+05 -3.725284435503231073e+00
-1.077557799999999988e+05 -3.736625911611058726e+00
-1.076557799999999988e+05 -3.747710621968194378e+00
-1.075557799999999988e+05 -3.758540014836539545e+00
-1.074557799999999988e+05 -3.769115534912812038e+00
-1.073557799999999988e+05 -3.779438623334221869e+00
-1.072557799999999988e+05 -3.789510717683692853e+00
-1.071557799999999988e+05 -3.799333251995753891e+00
-1.070557799999999988e+05 -3.808907656761871152e+00
-1.069557799999999988e+05 -3.818235358935921919e+00
-1.068557799999999988e+05 -3.827317781939850505e+00
-1.067557799999999988e+05 -3.836156345669073708e+00
-1.066557799999999988e+05 -3.844752466498043919e+00
-1.065557799999999988e+05 -3.853107557285816220e+00
-1.064557799999999988e+05 -3.861223027381452066e+00
-1.063557799999999988e+05 -3.869100282629565513e+00
-1.062557799999999988e+05 -3.876740725376034646e+00
-1.061557799999999988e+05 -3.884145754473260936e+00
-1.060557799999999988e+05 -3.891316765285769197e+00
-1.059557799999999988e+05 -3.898255149695864841e+00
-1.058557799999999988e+05 -3.904962296108910991e+00
-1.057557799999999988e+05 -3.911439589459000832e+00
-1.056557799999999988e+05 -3.917688411214580668e+00
-1.055557799999999988e+05 -3.923710139383670192e+00
-1.054557799999999988e+05 -3.929506148519644526e+00
-1.053557799999999988e+05 -3.935077809726640119e+00
-1.052557799999999988e+05 -3.940426490665081438e+00
-1.051557799999999988e+05 -3.945553555557194336e+00
-1.050557799999999988e+05 -3.950460365192643764e+00
-1.049557799999999988e+05 -3.955148276933791784e+00
-1.048557799999999988e+05 -3.959618644721536018e+00
-1.047557799999999988e+05 -3.963872819080547671e+00
-1.046557799999999988e+05 -3.967912147125002953e+00
-1.045557799999999988e+05 -3.971737972563910368e+00
-1.044557799999999988e+05 -3.975351635706879438e+00
-1.043557799999999988e+05 -3.978754473469302777e+00
-1.042557799999999988e+05 -3.981947819378214959e+00
-1.041557799999999988e+05 -3.984933003577566524e+00
-1.040557799999999988e+05 -3.987711352833934964e+00
-1.039557799999999988e+05 -3.990284190541783627e+00
-1.038557799999999988e+05 -3.992652836729334798e+00
-1.037557799999999988e+05 -3.994818608063774423e+00
-1.036557799999999988e+05 -3.996782817856942671e+00
-1.035557799999999988e+05 -3.998546776070720732e+00
-1.034557799999999988e+05 -4.000111789322723155e+00
-1.033557799999999988e+05 -4.001479160891681097e+00
-1.032557799999999988e+05 -4.002650190723102241e+00
-1.031557799999999988e+05 -4.003626175434505718e+00
-1.030557799999999988e+05 -4.004408408321300961e+00
-1.029557799999999988e+05 -4.004998179362005750e+00
-1.028557799999999988e+05 -4.005396775224030925e+00
-1.027557799999999988e+05 -4.005605479268883329e+00
-1.026557799999999988e+05 -4.005625571558080189e+00
-1.025557799999999988e+05 -4.005458328858271244e+00
-1.024557799999999988e+05 -4.005105024647013678e+00
-1.023557799999999988e+05 -4.004566929118222873e+00
-1.022557799999999988e+05 -4.003845309187649804e+00
-1.021557799999999988e+05 -4.002941428498411724e+00
-1.020557799999999988e+05 -4.001856547426700494e+00
-1.019557799999999988e+05 -4.000591923086899371e+00
-1.018557799999999988e+05 -3.999148809337525368e+00
-1.017557799999999988e+05 -3.997528456786399342e+00
-1.016557799999999988e+05 -3.995732112796426705e+00
-1.015557799999999988e+05 -3.993761021491041063e+00
-1.014557799999999988e+05 -3.991616423759674070e+00
-1.013557799999999988e+05 -3.989299557263252805e+00
-1.012557799999999988e+05 -3.986811656439763318e+00
-1.011557799999999988e+05 -3.984153952509818630e+00
-1.010557799999999988e+05 -3.981327673482133012e+00
-1.009557799999999988e+05 -3.978334044158959859e+00
-1.008557799999999988e+05 -3.975174286141805347e+00
-1.007557799999999988e+05 -3.971849617836719304e+00
-1.006557799999999988e+05 -3.968361254460028409e+00
-1.005557799999999988e+05 -3.964710408043697676e+00
-1.004557799999999988e+05 -3.960898287440882015e+00
-1.003557799999999988e+05 -3.956926098331418729e+00
-1.002557799999999988e+05 -3.952795043227556704e+00
-1.001557799999999988e+05 -3.948506321479249070e+00
-1.000557799999999988e+05 -3.944061129279648359e+00
-9.995577999999999884e+04 -3.939460659670780629e+00
-9.985577999999999884e+04 -3.934706102549021089e+00
-9.975577999999999884e+04 -3.929798644670586150e+00
-9.965577999999999884e+04 -3.924739469656992608e+00
-9.955577999999999884e+04 -3.919529758000712683e+00
-9.945577999999999884e+04 -3.914170687070523069e+00
-9.935577999999999884e+04 -3.908663431117306519e+00
-9.925577999999999884e+04 -3.903009161279164640e+00
-9.915577999999999884e+04 -3.897209045587310516e+00
-9.905577999999999884e+04 -3.891264248971342710e+00
-9.895577999999999884e+04 -3.885175933264958914e+00
-9.885577999999999884e+04 -3.878945257211266817e+00
-9.875577999999999884e+04 -3.872573376468476436e+00
-9.865577999999999884e+04 -3.866061443615394833e+00
-9.855577999999999884e+04 -3.859410608156681466e+00
-9.845577999999999884e+04 -3.852622016528889581e+00
-9.835577999999999884e+04 -3.845696812105466211e+00
-9.825577999999999884e+04 -3.838636135202591504e+00
-9.815577999999999884e+04 -3.831441123084564637e+00
-9.805577999999999884e+04 -3.824112909969294538e+00
-9.795577999999999884e+04 -3.816652627033995326e+00
-9.785577999999999884e+04 -3.809061402420552245e+00
-9.775577999999999884e+04 -3.801340361241013710e+00
-9.765577999999999884e+04 -3.793490625583158415e+00
-9.755577999999999884e+04 -3.785513314516133487e+00
-9.745577999999999884e+04 -3.777409544095839955e+00
-9.735577999999999884e+04 -3.769180427370388387e+00
-9.725577999999999884e+04 -3.760827074385811208e+00
-9.715577999999999884e+04 -3.752350592191410428e+00
-9.705577999999999884e+04 -3.743752084845413997e+00
-9.695577999999999884e+04 -3.735032653420362170e+00
-9.685577999999999884e+04 -3.726193396008743441e+00
-9.675577999999999884e+04 -3.717235407728489704e+00
-9.665577999999999884e+04 -3.708159780728251587e+00
-9.655577999999999884e+04 -3.698967604193417191e+00
-9.645577999999999884e+04 -3.689659964351189814e+00
-9.635577999999999884e+04 -3.680237944476407286e+00
-9.625577999999999884e+04 -3.670702624896616584e+00
-9.615577999999999884e+04 -3.661055082998186716e+00
-9.605577999999999884e+04 -3.651296393231491688e+00
-9.595577999999999884e+04 -3.641427627116295085e+00
-9.585577999999999884e+04 -3.631449853247645354e+00
-9.575577999999999884e+04 -3.621364137301075203e+00
-9.565577999999999884e+04 -3.611171542038296156e+00
-9.555577999999999884e+04 -3.600873127312693267e+00
-9.545577999999999884e+04 -3.590469950074707484e+00
-9.535577999999999884e+04 -3.579963064377547965e+00
-9.525577999999999884e+04 -3.569353521382613526e+00
-9.515577999999999884e+04 -3.558642369364947822e+00
-9.505577999999999884e+04 -3.547830653718969884e+00
-9.495577999999999884e+04 -3.536919416963787643e+00
-9.485577999999999884e+04 -3.525909698748632692e+00
-9.475577999999999884e+04 -3.514802535858811972e+00
-9.465577999999999884e+04 -3.503598962220798807e+00
-9.455577999999999884e+04 -3.492300008907836872e+00
-9.445577999999999884e+04 -3.480906704145632080e+00
-9.435577999999999884e+04 -3.469420073317737607e+00
-9.425577999999999884e+04 -3.457841138971084582e+00
-9.415577999999999884e+04 -3.446170920821491457e+00
-9.405577999999999884e+04 -3.434410435759196023e+00
-9.395577999999999884e+04 -3.422560697854491796e+00
-9.385577999999999884e+04 -3.410622718362988248e+00
-9.375577999999999884e+04 -3.398597505731336454e+00
-9.365577999999999884e+04 -3.386486065602780204e+00
-9.355577999999999884e+04 -3.374289400822467755e+00
-9.345577999999999884e+04 -3.362008511443086878e+00
-9.335577999999999884e+04 -3.349644394730471486e+00
-9.325577999999999884e+04 -3.337198045169002203e+00
-9.315577999999999884e+04 -3.324670454467154812e+00
-9.305577999999999884e+04 -3.312062611563064696e+00
-9.295577999999999884e+04 -3.299375502629877666e+00
-9.285577999999999884e+04 -3.286610111081440522e+00
-9.275577999999999884e+04 -3.273767417577905903e+00
-9.265577999999999884e+04 -3.260848400031004513e+00
-9.255577999999999884e+04 -3.247854033609705926e+00
-9.245577999999999884e+04 -3.234785290745671560e+00
-9.235577999999999884e+04 -3.221643141138879507e+00
-9.225577999999999884e+04 -3.208428551763004233e+00
-9.215577999999999884e+04 -3.195142486871150211e+00
-9.205577999999999884e+04 -3.181785908001015795e+00
-9.195577999999999884e+04 -3.168359773980805372e+00
-9.185577999999999884e+04 -3.154865040934487386e+00
-9.175577999999999884e+04 -3.141302662287430270e+00
-9.165577999999999884e+04 -3.127673588771863411e+00
-9.155577999999999884e+04 -3.113978768432421163e+00
-9.145577999999999884e+04 -3.100219146631675304e+00
-9.135577999999999884e+04 -3.086395666055591569e+00
-9.125577999999999884e+04 -3.072509266719184673e+00
-9.115577999999999884e+04 -3.058560885971906007e+00
-9.105577999999999884e+04 -3.044551458503133468e+00
-9.095577999999999884e+04 -3.030481916347848692e+00
-9.085577999999999884e+04 -3.016353188892003434e+00
-9.075577999999999884e+04 -3.002166202878265633e+00
-9.065577999999999884e+04 -2.987921882411114893e+00
-9.055577999999999884e+04 -2.973621148962861227e+00
-9.045577999999999884e+04 -2.959264921378776503e+00
-9.035577999999999884e+04 -2.944854115882858281e+00
-9.025577999999999884e+04 -2.930389646083181088e+00
-9.015577999999999884e+04 -2.915872422977513256e+00
-9.005577999999999884e+04 -2.901303354958868042e+00
-8.995577999999999884e+04 -2.886683347820885537e+00
-8.985577999999999884e+04 -2.872013304763436192e+00
-8.975577999999999884e+04 -2.857294126398205680e+00
-8.965577999999999884e+04 -2.842526710754059494e+00
-8.955577999999999884e+04 -2.827711953282701085e+00
-8.945577999999999884e+04 -2.812850746864164808e+00
-8.935577999999999884e+04 -2.797943981812200054e+00
-8.925577999999999884e+04 -2.782992545880001778e+00
-8.915577999999999884e+04 -2.767997324265538683e+00
-8.905577999999999884e+04 -2.752959199617212249e+00
-8.895577999999999884e+04 -2.737879052039293271e+00
-8.885577999999999884e+04 -2.722757759097544472e+00
-8.875577999999999884e+04 -2.707596195824548690e+00
-8.865577999999999884e+04 -2.692395234725386111e+00
-8.855577999999999884e+04 -2.677155745783143193e+00
-8.845577999999999884e+04 -2.661878596464370972e+00
-8.835577999999999884e+04 -2.646564651724652162e+00
-8.825577999999999884e+04 -2.631214774014056346e+00
-8.815577999999999884e+04 -2.615829823282724842e+00
-8.805577999999999884e+04 -2.600410656986400504e+00
-8.795577999999999884e+04 -2.584958130091850048e+00
-8.785577999999999884e+04 -2.569473095082462244e+00
-8.775577999999999884e+04 -2.553956401963855427e+00
-8.765577999999999884e+04 -2.538408898269076452e+00
-8.755577999999999884e+04 -2.522831429064549269e+00
-8.745577999999999884e+04 -2.507224836955296965e+00
-8.735577999999999884e+04 -2.491589962090506649e+00
-8.725577999999999884e+04 -2.475927642169131193e+00
-8.715577999999999884e+04 -2.460238712445311560e+00
-8.705577999999999884e+04 -2.444524005734033167e+00
-8.695577999999999884e+04 -2.428784352416473613e+00
-8.685577999999999884e+04 -2.413020580445677243e+00
-8.675577999999999884e+04 -2.397233515351958832e+00
-8.665577999999999884e+04 -2.381423980248468908e+00
-8.655577999999999884e+04 -2.365592795836705786e+00
-8.645577999999999884e+04 -2.349740780412062247e+00
-8.635577999999999884e+04 -2.333868749869302484e+00
-8.625577999999999884e+04 -2.317977517708127433e+00
-8.615577999999999884e+04 -2.302067895038649059e+00
-8.605577999999999884e+04 -2.286140690586939694e+00
-8.595577999999999884e+04 -2.270196710700488563e+00
-8.585577999999999884e+04 -2.254236759353839048e+00
-8.575577999999999884e+04 -2.238261638153976385e+00
-8.565577999999999884e+04 -2.222272146345963151e+00
-8.555577999999999884e+04 -2.206269080818451744e+00
-8.545577999999999884e+04 -2.190253236108978818e+00
-8.535577999999999884e+04 -2.174225404409821927e+00
-8.525577999999999884e+04 -2.158186375573273086e+00
-8.515577999999999884e+04 -2.142136937117352424e+00
-8.505577999999999884e+04 -2.126077874231100395e+00
-8.495577999999999884e+04 -2.110009969780235028e+00
-8.485577999999999884e+04 -2.093934004312718589e+00
-8.475577999999999884e+04 -2.077850756064158144e+00
-8.465577999999999884e+04 -2.061761000963356238e+00
-8.455577999999999884e+04 -2.045665512637856231e+00
-8.445577999999999884e+04 -2.029565062419510291e+00
-8.435577999999999884e+04 -2.013460419349899055e+00
-8.425577999999999884e+04 -1.997352350185897185e+00
-8.415577999999999884e+04 -1.981241619405150312e+00
-8.405577999999999884e+04 -1.965128989211657462e+00
-8.395577999999999884e+04 -1.949015219541301969e+00
-8.385577999999999884e+04 -1.932901068067326422e+00
-8.375577999999999884e+04 -1.916787290205825167e+00
-8.365577999999999884e+04 -1.900674639121293641e+00
-8.355577999999999884e+04 -1.884563865732157062e+00
-8.345577999999999884e+04 -1.868455718716300007e+00
-8.335577999999999884e+04 -1.852350944516579112e+00
-8.325577999999999884e+04 -1.836250287346278931e+00
-8.315577999999999884e+04 -1.820154489194715008e+00
-8.305577999999999884e+04 -1.804064289832781443e+00
-8.295577999999999884e+04 -1.787980426818262414e+00
-8.285577999999999884e+04 -1.771903635501653307e+00
-8.275577999999999884e+04 -1.755834649031380756e+00
-8.265577999999999884e+04 -1.739774198359605117e+00
-8.255577999999999884e+04 -1.723723012247478481e+00
-8.245577999999999884e+04 -1.707681817270890967e+00
-8.235577999999999884e+04 -1.691651337825801349e+00
-8.225577999999999884e+04 -1.675632296133912957e+00
-8.215577999999999884e+04 -1.659625412248001419e+00
-8.205577999999999884e+04 -1.643631404057646295e+00
-8.195577999999999884e+04 -1.627650987294687157e+00
-8.185577999999999884e+04 -1.611684875538608175e+00
-8.175577999999999884e+04 -1.595733780222176490e+00
-8.165577999999999884e+04 -1.579798410637026862e+00
-8.155577999999999884e+04 -1.563879473939018716e+00
-8.145577999999999884e+04 -1.547977675153838328e+00
-8.135577999999999884e+04 -1.532093717182556158e+00
-8.125577999999999884e+04 -1.516228300807056284e+00
-8.115577999999999884e+04 -1.500382124695620378e+00
-8.105577999999999884e+04 -1.484555885408421982e+00
-8.095577999999999884e+04 -1.468750277403100934e+00
-8.085577999999999884e+04 -1.452965993040156611e+00
-8.075577999999999884e+04 -1.437203722588560550e+00
-8.065577999999999884e+04 -1.421464154231321109e+00
-8.055577999999999884e+04 -1.405747974070850503e+00
-8.045577999999999884e+04 -1.390055866134630280e+00
-8.035577999999999884e+04 -1.374388512380678495e+00
-8.025577999999999884e+04 -1.358746592702996248e+00
-8.015577999999999884e+04 -1.343130784937252464e+00
-8.005577999999999884e+04 -1.327541764866123186e+00
-7.995577999999999884e+04 -1.311980206224920842e+00
-7.985577999999999884e+04 -1.296446780707060542e+00
-7.975577999999999884e+04 -1.280942157969680029e+00
-7.965577999999999884e+04 -1.265467005638970521e+00
-7.955577999999999884e+04 -1.250021989315905468e+00
-7.945577999999999884e+04 -1.234607772581589380e+00
-7.935577999999999884e+04 -1.219225017002868228e+00
-7.925577999999999884e+04 -1.203874382137833043e+00
-7.915577999999999884e+04 -1.188556525541330400e+00
-7.905577999999999884e+04 -1.173272102770538394e+00
-7.895577999999999884e+04 -1.158021767390323475e+00
-7.885577999999999884e+04 -1.142806170978942548e+00
-7.875577999999999884e+04 -1.127625963133491505e+00
-7.865577999999999884e+04 -1.112481791475397497e+00
-7.855577999999999884e+04 -1.097374301655904771e+00
-7.845577999999999884e+04 -1.082304137361775220e+00
-7.835577999999999884e+04 -1.067271940320601908e+00
-7.825577999999999884e+04 -1.052278350306373733e+00
-7.815577999999999884e+04 -1.037324005145151107e+00
-7.805577999999999884e+04 -1.022409540720323085e+00
-7.795577999999999884e+04 -1.007535590978345663e+00
-7.785577999999999884e+04 -9.927027879341540073e-01
-7.775577999999999884e+04 -9.779117616767462051e-01
-7.765577999999999884e+04 -9.631631403746314657e-01
-7.755577999999999884e+04 -9.484575502813413772e-01
-7.745577999999999884e+04 -9.337956157410871594e-01
-7.735577999999999884e+04 -9.191779591940894001e-01
-7.725577999999999884e+04 -9.046052011822621752e-01
-7.715577999999999884e+04 -8.900779603545879715e-01
-7.705577999999999884e+04 -8.755968534727571750e-01
-7.695577999999999884e+04 -8.611624954166154922e-01
-7.685577999999999884e+04 -8.467754991897300521e-01
-7.675577999999999884e+04 -8.324364759248555901e-01
-7.665577999999999884e+04 -8.181460348894824541e-01
-7.655577999999999884e+04 -8.039047834913480850e-01
-7.645577999999999884e+04 -7.897133272839846896e-01
-7.635577999999999884e+04 -7.755722699722127356e-01
-7.625577999999999884e+04 -7.614822134176710833e-01
-7.615577999999999884e+04 -7.474437576442641840e-01
-7.605577999999999884e+04 -7.334575008438014576e-01
-7.595577999999999884e+04 -7.195240393814992252e-01
-7.585577999999999884e+04 -7.056439678013657346e-01
-7.575577999999999884e+04 -6.918178788318392058e-01
-7.565577999999999884e+04 -6.780463633913359489e-01
-7.555577999999999884e+04 -6.643300105936714717e-01
-7.545577999999999884e+04 -6.506694077536167020e-01
-7.535577999999999884e+04 -6.370651403924739720e-01
-7.525577999999999884e+04 -6.235177922434604891e-01
-7.515577999999999884e+04 -6.100279452573659222e-01
-7.505577999999999884e+04 -5.965961796080546664e-01
-7.495577999999999884e+04 -5.832230736978590846e-01
-7.485577999999999884e+04 -5.699092041633002648e-01
-7.475577999999999884e+04 -5.566551458803451480e-01
-7.465577999999999884e+04 -5.434614719701812424e-01
-7.455577999999999884e+04 -5.303287538046561611e-01
-7.445577999999999884e+04 -5.172575610116609823e-01
-7.435577999999999884e+04 -5.042484614808517840e-01
-7.425577999999999884e+04 -4.913020213689969773e-01
-7.415577999999999884e+04 -4.784188051056434965e-01
-7.405577999999999884e+04 -4.655993753985285255e-01
-7.395577999999999884e+04 -4.528442932391817388e-01
-7.385577999999999884e+04 -4.401541179083005573e-01
-7.375577999999999884e+04 -4.275294069814617459e-01
-7.365577999999999884e+04 -4.149707163345147110e-01
-7.355577999999999884e+04 -4.024786001490929244e-01
-7.345577999999999884e+04 -3.900536109182803357e-01
-7.335577999999999884e+04 -3.776962994518680561e-01
-7.325577999999999884e+04 -3.654072148821569388e-01
-7.315577999999999884e+04 -3.531869046692872605e-01
-7.305577999999999884e+04 -3.410359146068412950e-01
-7.295577999999999884e+04 -3.289547888272909559e-01
-7.285577999999999884e+04 -3.169440698076368967e-01
-7.275577999999999884e+04 -3.050042983747834890e-01
-7.265577999999999884e+04 -2.931360137111687636e-01
-7.255577999999999884e+04 -2.813397533602938205e-01
-7.245577999999999884e+04 -2.696160532320254766e-01
-7.235577999999999884e+04 -2.579654476084715653e-01
-7.225577999999999884e+04 -2.463884691492012335e-01
-7.215577999999999884e+04 -2.348856488968931455e-01
-7.205577999999999884e+04 -2.234575162828832673e-01
-7.195577999999999884e+04 -2.121045991325218039e-01
-7.185577999999999884e+04 -2.008274236709303162e-01
-7.175577999999999884e+04 -1.896265145282950426e-01
-7.165577999999999884e+04 -1.785023947455692817e-01
-7.155577999999999884e+04 -1.674555857798395719e-01
-7.145577999999999884e+04 -1.564866075099553278e-01
-7.135577999999999884e+04 -1.455959782419858906e-01
-7.125577999999999884e+04 -1.347842147147957914e-01
-7.115577999999999884e+04 -1.240518321055014833e-01
-7.105577999999999884e+04 -1.133993440350013759e-01
-7.095577999999999884e+04 -1.028272625735144191e-01
-7.085577999999999884e+04 -9.233609824612813710e-02
-7.075577999999999884e+04 -8.192636003827374891e-02
-7.065577999999999884e+04 -7.159855540125591167e-02
-7.055577999999999884e+04 -6.135319025772787566e-02
-7.045577999999999884e+04 -5.119076900731215490e-02
-7.035577999999999884e+04 -4.111179453203930856e-02
-7.025577999999999884e+04 -3.111676820190496101e-02
-7.015577999999999884e+04 -2.120618988033584271e-02
-7.005577999999999884e+04 -1.138055792979230339e-02
-6.995577999999999884e+04 -1.640369217179795660e-03
-6.985577999999999884e+04 8.013880880475880708e-03
-6.975577999999999884e+04 1.758169847067165420e-02
-6.965577999999999884e+04 2.706259113984288076e-02
-6.955577999999999884e+04 3.645606794780633514e-02
-6.945577999999999884e+04 4.576163942234870441e-02
-6.935577999999999884e+04 5.497881755349681016e-02
-6.925577999999999884e+04 6.410711578832434254e-02
-6.915577999999999884e+04 7.314604902507654272e-02
-6.905577999999999884e+04 8.209513360791334535e-02
-6.895577999999999884e+04 9.095388732129777720e-02
-6.885577999999999884e+04 9.972182938438436950e-02
-6.875577999999999884e+04 1.083984804457531897e-01
-6.865577999999999884e+04 1.169833625775800051e-01
-6.855577999999999884e+04 1.254759992703702587e-01
-6.845577999999999884e+04 1.338759154272565755e-01
-6.835577999999999884e+04 1.421826373586054515e-01
-6.825577999999999884e+04 1.503956927764875107e-01
-6.815577999999999884e+04 1.585146107890386680e-01
-6.805577999999999884e+04 1.665389218951031647e-01
-6.795577999999999884e+04 1.744681579785765380e-01
-6.785577999999999884e+04 1.823018523030305038e-01
-6.775577999999999884e+04 1.900395395060377191e-01
-6.765577999999999884e+04 1.976807555937420968e-01
-6.755577999999999884e+04 2.052250379353472431e-01
-6.745577999999999884e+04 2.126719252575412500e-01
-6.735577999999999884e+04 2.200209576390398103e-01
-6.725577999999999884e+04 2.272716765050654397e-01
-6.715577999999999884e+04 2.344236246217451525e-01
-6.705577999999999884e+04 2.414763460906442505e-01
-6.695577999999999884e+04 2.484293863433094940e-01
-6.685577999999999884e+04 2.552822921356391883e-01
-6.675577999999999884e+04 2.620346115424627143e-01
-6.665577999999999884e+04 2.686858939519561340e-01
-6.655577999999999884e+04 2.752356900600670953e-01
-6.645577999999999884e+04 2.816835518652305859e-01
-6.635577999999999884e+04 2.880290326625481456e-01
-6.625577999999999884e+04 2.942716870385129191e-01
-6.615577999999999884e+04 3.004110708652888428e-01
-6.605577999999999884e+04 3.064467412953535974e-01
-6.595577999999999884e+04 3.123782567559328371e-01
-6.585577999999999884e+04 3.182051769434156019e-01
-6.575577999999999884e+04 3.239270628179519718e-01
-6.565577999999999884e+04 3.295434765977961478e-01
-6.555577999999999884e+04 3.350539817539038290e-01
-6.545577999999999884e+04 3.404581430043481238e-01
-6.535577999999999884e+04 3.457555263088625264e-01
-6.525577999999999884e+04 3.509456988632018715e-01
-6.515577999999999884e+04 3.560282290937766270e-01
-6.505577999999999884e+04 3.610026866520411049e-01
-6.495577999999999884e+04 3.658686424089819256e-01
-6.485577999999999884e+04 3.706256684496065379e-01
-6.475577999999999884e+04 3.752733380674226349e-01
-6.465577999999999884e+04 3.798112257589355001e-01
-6.455577999999999884e+04 3.842389072181367493e-01
-6.445577999999999884e+04 3.885559593309381166e-01
-6.435577999999999884e+04 3.927619601696960561e-01
-6.425577999999999884e+04 3.968564889876461388e-01
-6.415577999999999884e+04 4.008391262134364252e-01
-6.405577999999999884e+04 4.047094534456345816e-01
-6.395577999999999884e+04 4.084670534470797310e-01
-6.385577999999999884e+04 4.121115101394980385e-01
-6.375577999999999884e+04 4.156424085978915328e-01
-6.365577999999999884e+04 4.190593350451172205e-01
-6.355577999999999884e+04 4.223618768462574780e-01
-6.345577999999999884e+04 4.255496225031629165e-01
-6.335577999999999884e+04 4.286221616489410691e-01
-6.325577999999999884e+04 4.315790850423809610e-01
-6.315577999999999884e+04 4.344199845625416612e-01
-6.305577999999999884e+04 4.371444532031136809e-01
-6.295577999999999884e+04 4.397520850669434100e-01
-6.285577999999999884e+04 4.422424753605491698e-01
-6.275577999999999884e+04 4.446152203885367360e-01
-6.265577999999999884e+04 4.468699175481969932e-01
-6.255577999999999884e+04 4.490061653238308081e-01
-6.245577999999999884e+04 4.510235632813192064e-01
-6.235577999999999884e+04 4.529217120626026216e-01
-6.225577999999999884e+04 4.547002133801970603e-01
-6.215577999999999884e+04 4.563586700115638273e-01
-6.205577999999999884e+04 4.578966857936620505e-01
-6.195577999999999884e+04 4.593138656174642342e-01
-6.185577999999999884e+04 4.606098154223536856e-01
-6.175577999999999884e+04 4.617841421907041832e-01
-6.165577999999999884e+04 4.628364539422500368e-01
-6.155577999999999884e+04 4.637663597286564299e-01
-6.145577999999999884e+04 4.645734696279351095e-01
-6.135577999999999884e+04 4.652573947389783138e-01
-6.125577999999999884e+04 4.658177471760472921e-01
-6.115577999999999884e+04 4.662541400631607935e-01
-6.105577999999999884e+04 4.665661875287196447e-01
-6.095577999999999884e+04 4.667535046997863812e-01
-6.085577999999999884e+04 4.668157076968463826e-01
-6.075577999999999884e+04 4.667524136279871394e-01
-6.065577999999999884e+04 4.665632405836140362e-01
-6.055577999999999884e+04 4.662478076307934316e-01
-6.045577999999999884e+04 4.658057348077954685e-01
-6.035577999999999884e+04 4.652366431185646634e-01
-6.025577999999999884e+04 4.645401545271897747e-01
-6.015577999999999884e+04 4.637158919523926559e-01
-6.005577999999999884e+04 4.627634792619983450e-01
-5.995577999999999884e+04 4.616825412674143148e-01
-5.985577999999999884e+04 4.604727037181737814e-01
-5.975577999999999884e+04 4.591335932963329647e-01
-5.965577999999999884e+04 4.576648376109687666e-01
-5.955577999999999884e+04 4.560660651926582432e-01
-5.945577999999999884e+04 4.543369054880577185e-01
-5.935577999999999884e+04 4.524769888542368723e-01
-5.925577999999999884e+04 4.504859465532490281e-01
-5.915577999999999884e+04 4.483634107465559460e-01
-5.905577999999999884e+04 4.461090144895797360e-01
-5.895577999999999884e+04 4.437223917261462480e-01
-5.885577999999999884e+04 4.412031772829368426e-01
-5.875577999999999884e+04 4.385510068640314785e-01
-5.865577999999999884e+04 4.357655170453245130e-01
-5.855577999999999884e+04 4.328463452690403113e-01
-5.845577999999999884e+04 4.297931298382491327e-01
-5.835577999999999884e+04 4.266055099112736615e-01
-5.825577999999999884e+04 4.232831254962229894e-01
-5.815577999999999884e+04 4.198256174454263467e-01
-5.805577999999999884e+04 4.162326274499946743e-01
-5.795577999999999884e+04 4.125037980342267652e-01
-5.785577999999999884e+04 4.086387725501163248e-01
-5.775577999999999884e+04 4.046371951718220061e-01
-5.765577999999999884e+04 4.004987108901923443e-01
-5.755577999999999884e+04 3.962229655071632939e-01
-5.745577999999999884e+04 3.918096056303557173e-01
-5.735577999999999884e+04 3.872582786673910982e-01
-5.725577999999999884e+04 3.825686328205801789e-01
-5.715577999999999884e+04 3.777403170812385635e-01
-5.705577999999999884e+04 3.727729812242023266e-01
-5.695577999999999884e+04 3.676662758023894750e-01
-5.685577999999999884e+04 3.624198521411790552e-01
-5.675577999999999884e+04 3.570333623329633999e-01
-5.665577999999999884e+04 3.515064592315548242e-01
-5.655577999999999884e+04 3.458387964467828923e-01
-5.645577999999999884e+04 3.400300283388378308e-01
-5.635577999999999884e+04 3.340798100128586356e-01
-5.625577999999999884e+04 3.279877973133670799e-01
-5.615577999999999884e+04 3.217536468187381371e-01
-5.605577999999999884e+04 3.153770158357429021e-01
-5.595577999999999884e+04 3.088575623939186499e-01
-5.585577999999999884e+04 3.021949452401850311e-01
-5.575577999999999884e+04 2.953888238332320060e-01
-5.565577999999999884e+04 2.884388583379722815e-01
-5.555577999999999884e+04 2.813447096201844300e-01
-5.545577999999999884e+04 2.741060392407916879e-01
-5.535577999999999884e+04 2.667225094504965255e-01
-5.525577999999999884e+04 2.591937831841232831e-01
-5.515577999999999884e+04 2.515195240552884348e-01
-5.505577999999999884e+04 2.436993963506893235e-01
-5.495577999999999884e+04 2.357330650246740322e-01
-5.485577999999999884e+04 2.276201956937484172e-01
-5.475577999999999884e+04 2.193604546309916303e-01
-5.465577999999999884e+04 2.109535087606173032e-01
-5.455577999999999884e+04 2.023990256523074960e-01
-5.445577999999999884e+04 1.936966735159285358e-01
-5.435577999999999884e+04 1.848461211957555805e-01
-5.425577999999999884e+04 1.758470381651250081e-01
-5.415577999999999884e+04 1.666990945208863262e-01
-5.405577999999999884e+04 1.574019609778269935e-01
-5.395577999999999884e+04 1.479553088631973823e-01
-5.385577999999999884e+04 1.383588101111808966e-01
-5.375577999999999884e+04 1.286121372573870714e-01
-5.365577999999999884e+04 1.187149634332899939e-01
-5.355577999999999884e+04 1.086669623607895152e-01
-5.345577999999999884e+04 9.846780834659966952e-02
-5.335577999999999884e+04 8.811717627679171994e-02
-5.325577999999999884e+04 7.761474161128262272e-02
-5.315577999999999884e+04 6.696018037823250890e-02
-5.305577999999999884e+04 5.615316916864685620e-02
-5.295577999999999884e+04 4.519338513075126657e-02
-5.285577999999999884e+04 3.408050596451630415e-02
-5.275577999999999884e+04 2.281420991616869148e-02
-5.265577999999999884e+04 1.139417577261156098e-02
-5.255577999999999884e+04 -1.799171440461577655e-04
-5.245577999999999884e+04 -1.190838898204674492e-02
-5.235577999999999884e+04 -2.379155936544066069e-02
-5.225577999999999884e+04 -3.582974739970722772e-02
-5.215577999999999884e+04 -4.802327167717976297e-02
-5.205577999999999884e+04 -6.037245028260713325e-02
-5.195577999999999884e+04 -7.287760079865165941e-02
-5.185577999999999884e+04 -8.553904031143247377e-02
-5.175577999999999884e+04 -9.835708541605527044e-02
-5.165577999999999884e+04 -1.113320522220510589e-01
-5.155577999999999884e+04 -1.244642563590150491e-01
-5.145577999999999884e+04 -1.377540129820454262e-01
-5.135577999999999884e+04 -1.512016367772548719e-01
-5.125577999999999884e+04 -1.648074419673503099e-01
-5.115577999999999884e+04 -1.785717423170899432e-01
-5.105577999999999884e+04 -1.924948511388583916e-01
-5.095577999999999884e+04 -2.065770812981236326e-01
-5.085577999999999884e+04 -2.208187452190122635e-01
-5.075577999999999884e+04 -2.352201548898165129e-01
-5.065577999999999884e+04 -2.497816218684602019e-01
-5.055577999999999884e+04 -2.645034572881104218e-01
-5.045577999999999884e+04 -2.793859718626026667e-01
-5.035577999999999884e+04 -2.944294758920341093e-01
-5.025577999999999884e+04 -3.096342792682207912e-01
-5.015577999999999884e+04 -3.250006914802770486e-01
-5.005577999999999884e+04 -3.405290216201183329e-01
-4.995577999999999884e+04 -3.562195783878951416e-01
-4.985577999999999884e+04 -3.720726700976683676e-01
-4.975577999999999884e+04 -3.880886046827754510e-01
-4.965577999999999884e+04 -4.042676897014825799e-01
-4.955577999999999884e+04 -4.206102323423738243e-01
-4.945577999999999884e+04 -4.371165394299760254e-01
-4.935577999999999884e+04 -4.537869174302295305e-01
-4.925577999999999884e+04 -4.706216724560045028e-01
-4.915577999999999884e+04 -4.876211102726574764e-01
-4.905577999999999884e+04 -5.047855363034569054e-01
-4.895577999999999884e+04 -5.221152556352626206e-01
-4.885577999999999884e+04 -5.396105730238514031e-01
-4.875577999999999884e+04 -5.572717928996325787e-01
-4.865577999999999884e+04 -5.750992193729734803e-01
-4.855577999999999884e+04 -5.930931562398882306e-01
-4.845577999999999884e+04 -6.112539069874491915e-01
-4.835577999999999884e+04 -6.295817747993350810e-01
-4.825577999999999884e+04 -6.480770625613831992e-01
-4.815577999999999884e+04 -6.667400728670463961e-01
-4.805577999999999884e+04 -6.855711080229639487e-01
-4.795577999999999884e+04 -7.045704700544547228e-01
-4.785577999999999884e+04 -7.237384607110470824e-01
-4.775577999999999884e+04 -7.430753814719901484e-01
-4.765577999999999884e+04 -7.625815335517791560e-01
-4.755577999999999884e+04 -7.822572179056851427e-01
-4.745577999999999884e+04 -8.021027352352347872e-01
-4.735577999999999884e+04 -8.221183859937764016e-01
-4.725577999999999884e+04 -8.423044703919504439e-01
-4.715577999999999884e+04 -8.626612884032829331e-01
-4.705577999999999884e+04 -8.831891397696063351e-01
-4.695577999999999884e+04 -9.038883240066752922e-01
-4.685577999999999884e+04 -9.247591404096101586e-01
-4.675577999999999884e+04 -9.458018880584495580e-01
-4.665577999999999884e+04 -9.670168658236798498e-01
-4.655577999999999884e+04 -9.884043723717104157e-01
-4.645577999999999884e+04 -1.009964706170462634e+00
-4.635577999999999884e+04 -1.031698165494831398e+00
-4.625577999999999884e+04 -1.053605048432205038e+00
-4.615577999999999884e+04 -1.075685652888028088e+00
-4.605577999999999884e+04 -1.097940276591266473e+00
-4.595577999999999884e+04 -1.120369217099973946e+00
-4.585577999999999884e+04 -1.142972771806767041e+00
-4.575577999999999884e+04 -1.165751237944395946e+00
-4.565577999999999884e+04 -1.188704912591229013e+00
-4.555577999999999884e+04 -1.211834092676735919e+00
-4.545577999999999884e+04 -1.235139074987109842e+00
-4.535577999999999884e+04 -1.258620156170677573e+00
-4.525577999999999884e+04 -1.282277632743493934e+00
-4.515577999999999884e+04 -1.306111801094798519e+00
-4.505577999999999884e+04 -1.330122957492617441e+00
-4.495577999999999884e+04 -1.354311398089207641e+00
-4.485577999999999884e+04 -1.378677418926581577e+00
-4.475577999999999884e+04 -1.403221315942082548e+00
-4.465577999999999884e+04 -1.427943384973841656e+00
-4.455577999999999884e+04 -1.452843921766343582e+00
-4.445577999999999884e+04 -1.477923221975897761e+00
-4.435577999999999884e+04 -1.503181581176209036e+00
-4.425577999999999884e+04 -1.528619294863869937e+00
-4.415577999999999884e+04 -1.554236658463855836e+00
-4.405577999999999884e+04 -1.580033967335107370e+00
-4.395577999999999884e+04 -1.606011516775974979e+00
-4.385577999999999884e+04 -1.632169602029816868e+00
-4.375577999999999884e+04 -1.658508518290432221e+00
-4.365577999999999884e+04 -1.685028560707637624e+00
-4.355577999999999884e+04 -1.711730024392804861e+00
-4.345577999999999884e+04 -1.738613204424295899e+00
-4.335577999999999884e+04 -1.765678395853069516e+00
-4.325577999999999884e+04 -1.792925893708147589e+00
-4.315577999999999884e+04 -1.820355993002162887e+00
-4.305577999999999884e+04 -1.847968988736847784e+00
-4.295577999999999884e+04 -1.875765175908586491e+00
-4.285577999999999884e+04 -1.903744849513927972e+00
-4.275577999999999884e+04 -1.931908304555067790e+00
-4.265577999999999884e+04 -1.960255836045412314e+00
-4.255577999999999884e+04 -1.988787739015078770e+00
-4.245577999999999884e+04 -2.017504308516422373e+00
-4.235577999999999884e+04 -2.046405839629519718e+00
-4.225577999999999884e+04 -2.075492627467765416e+00
-4.215577999999999884e+04 -2.104764967183305302e+00
-4.205577999999999884e+04 -2.134223153972602649e+00
-4.195577999999999884e+04 -2.163867483081967080e+00
-4.185577999999999884e+04 -2.193698249813000878e+00
-4.175577999999999884e+04 -2.223715749528246466e+00
-4.165577999999999884e+04 -2.253920277656552784e+00
-4.155577999999999884e+04 -2.284312129698723659e+00
-4.145577999999999884e+04 -2.314891601232970775e+00
-4.135577999999999884e+04 -2.345658987920446581e+00
-4.125577999999999884e+04 -2.376614585510756328e+00
-4.115577999999999884e+04 -2.407758689847482980e+00
-4.105577999999999884e+04 -2.439091596873731671e+00
-4.095577999999999884e+04 -2.470613602637590667e+00
-4.085577999999999884e+04 -2.502325003297687367e+00
-4.075577999999999884e+04 -2.534226095128746969e+00
-4.065577999999999884e+04 -2.566317174527007250e+00
-4.055577999999999884e+04 -2.598598538015853610e+00
-4.045577999999999884e+04 -2.631070482251225418e+00
-4.035577999999999884e+04 -2.663733304027255056e+00
-4.025577999999999884e+04 -2.696587300281671595e+00
-4.015577999999999884e+04 -2.729632768101405205e+00
-4.005577999999999884e+04 -2.762870004728069873e+00
-3.995577999999999884e+04 -2.796299307563467451e+00
-3.985577999999999884e+04 -2.829920974175152093e+00
-3.975577999999999884e+04 -2.863735302301888552e+00
-3.965577999999999884e+04 -2.897742589859249041e+00
-3.955577999999999884e+04 -2.931943134945045326e+00
-3.945577999999999884e+04 -2.966337235844912268e+00
-3.935577999999999884e+04 -3.000925191037822515e+00
-3.925577999999999884e+04 -3.035707299201544807e+00
-3.915577999999999884e+04 -3.070683859218243050e+00
-3.905577999999999884e+04 -3.105855170179934177e+00
-3.895577999999999884e+04 -3.141221531394071675e+00
-3.885577999999999884e+04 -3.176783242388969697e+00
-3.875577999999999884e+04 -3.212540602919407462e+00
-3.865577999999999884e+04 -3.248493912972135078e+00
-3.855577999999999884e+04 -3.284643472771326955e+00
-3.845577999999999884e+04 -3.320989582784199978e+00
-3.835577999999999884e+04 -3.357532543726447383e+00
-3.825577999999999884e+04 -3.394272656567809410e+00
-3.815577999999999884e+04 -3.431210222537560917e+00
-3.805577999999999884e+04 -3.468345543130053610e+00
-3.795577999999999884e+04 -3.505678920110231189e+00
-3.785577999999999884e+04 -3.543210655519132946e+00
-3.775577999999999884e+04 -3.580941051679433329e+00
-3.765577999999999884e+04 -3.618870411200918902e+00
-3.755577999999999884e+04 -3.656999036986103402e+00
-3.745577999999999884e+04 -3.695327232235599890e+00
-3.735577999999999884e+04 -3.733855300453792658e+00
-3.725577999999999884e+04 -3.772583545454253784e+00
-3.715577999999999884e+04 -3.811512271365277371e+00
-3.705577999999999884e+04 -3.850641782635466193e+00
-3.695577999999999884e+04 -3.889972384039142472e+00
-3.685577999999999884e+04 -3.929504380681969611e+00
-3.675577999999999884e+04 -3.969238078006387838e+00
-3.665577999999999884e+04 -4.009173781797194636e+00
-3.655577999999999884e+04 -4.049311798187050115e+00
-3.645577999999999884e+04 -4.089652433661949971e+00
-3.635577999999999884e+04 -4.130195995066819670e+00
-3.625577999999999884e+04 -4.170942789610958101e+00
-3.615577999999999884e+04 -4.211893124873631322e+00
-3.605577999999999884e+04 -4.253047308809504656e+00
-3.595577999999999884e+04 -4.294405649754257759e+00
-3.585577999999999884e+04 -4.335968456430041584e+00
-3.575577999999999884e+04 -4.377736037950985093e+00
-3.565577999999999884e+04 -4.419708703828782781e+00
-3.555577999999999884e+04 -4.461886763978132109e+00
-3.545577999999999884e+04 -4.504270528722322808e+00
-3.535577999999999884e+04 -4.546860308798709838e+00
-3.525577999999999884e+04 -4.589656415364238740e+00
-3.515577999999999884e+04 -4.632659160001012744e+00
-3.505577999999999884e+04 -4.675868854721724865e+00
-3.495577999999999884e+04 -4.719285811975259648e+00
-3.485577999999999884e+04 -4.762910344652150130e+00
-3.475577999999999884e+04 -4.806742766090142283e+00
-3.465577999999999884e+04 -4.850783390079691060e+00
-3.455577999999999884e+04 -4.895032530869489307e+00
-3.445577999999999884e+04 -4.939490503171964697e+00
-3.435577999999999884e+04 -4.984157622168827295e+00
-3.425577999999999884e+04 -5.029034203516598467e+00
-3.415577999999999884e+04 -5.074120563352052748e+00
-3.405577999999999884e+04 -5.119417018297849786e+00
-3.395577999999999884e+04 -5.164923885467955778e+00
-3.385577999999999884e+04 -5.210641482473238106e+00
-3.375577999999999884e+04 -5.256570127426902772e+00
-3.365577999999999884e+04 -5.302710138950097019e+00
-3.355577999999999884e+04 -5.349061836177392948e+00
-3.345577999999999884e+04 -5.395625538762264917e+00
-3.335577999999999884e+04 -5.442401566882699271e+00
-3.325577999999999884e+04 -5.489390241246610458e+00
-3.315577999999999884e+04 -5.536591883097457867e+00
-3.305577999999999884e+04 -5.584006814219687698e+00
-3.295577999999999884e+04 -5.631635356944284077e+00
-3.285577999999999884e+04 -5.679477834154322835e+00
-3.275577999999999884e+04 -5.727534569290405386e+00
-3.265577999999999884e+04 -5.775805886356251584e+00
-3.255577999999999884e+04 -5.824292109924190441e+00
-3.245577999999999884e+04 -5.872993565140686378e+00
-3.235577999999999884e+04 -5.921910577731846814e+00
-3.225577999999999884e+04 -5.971043474008951968e+00
-3.215577999999999884e+04 -6.020392580873981103e+00
-3.205577999999999884e+04 -6.069958225825098808e+00
-3.195577999999999884e+04 -6.119740736962221206e+00
-3.185577999999999884e+04 -6.169740442992483587e+00
-3.175577999999999884e+04 -6.219957673235817275e+00
-3.165577999999999884e+04 -6.270392757630397718e+00
-3.155577999999999884e+04 -6.321046026738240897e+00
-3.145577999999999884e+04 -6.371917811750668292e+00
-3.135577999999999884e+04 -6.423008444493839342e+00
-3.125577999999999884e+04 -6.474318257434274138e+00
-3.115577999999999884e+04 -6.525847583684371678e+00
-3.105577999999999884e+04 -6.577596757007941441e+00
-3.095577999999999884e+04 -6.629566111825679009e+00
-3.085577999999999884e+04 -6.681755983220746486e+00
-3.075577999999999884e+04 -6.734166706944256120e+00
-3.065577999999999884e+04 -6.786798619420769896e+00
-3.055577999999999884e+04 -6.839652057753873748e+00
-3.045577999999999884e+04 -6.892727359731634529e+00
-3.035577999999999884e+04 -6.946024863832181317e+00
-3.025577999999999884e+04 -6.999544909229161505e+00
-3.015577999999999884e+04 -7.053287835797314109e+00
-3.005577999999999884e+04 -7.107253984117969381e+00
-2.995577999999999884e+04 -7.161443695484531524e+00
-2.985577999999999884e+04 -7.215857311908070670e+00
-2.975577999999999884e+04 -7.270495176122767411e+00
-2.965577999999999884e+04 -7.325357631591495888e+00
-2.955577999999999884e+04 -7.380445022511280762e+00
-2.945577999999999884e+04 -7.435757693818868752e+00
-2.935577999999999884e+04 -7.491295991196243342e+00
-2.925577999999999884e+04 -7.547060261076080856e+00
-2.915577999999999884e+04 -7.603050850647373515e+00
-2.905577999999999884e+04 -7.659268107860826014e+00
-2.895577999999999884e+04 -7.715712381434509659e+00
-2.885577999999999884e+04 -7.772384020859244735e+00
-2.875577999999999884e+04 -7.829283376404236883e+00
-2.865577999999999884e+04 -7.886410799122526960e+00
-2.855577999999999884e+04 -7.943766640856515515e+00
-2.845577999999999884e+04 -8.001351254243513011e+00
-2.835577999999999884e+04 -8.059164992721239429e+00
-2.825577999999999884e+04 -8.117208210533330970e+00
-2.815577999999999884e+04 -8.175481262734887622e+00
-2.805577999999999884e+04 -8.233984505197962989e+00
-2.795577999999999884e+04 -8.292718294617111852e+00
-2.785577999999999884e+04 -8.351682988514872008e+00
-2.775577999999999884e+04 -8.410878945247336702e+00
-2.765577999999999884e+04 -8.470306524009620475e+00
-2.755577999999999884e+04 -8.529966084841408502e+00
-2.745577999999999884e+04 -8.589857988632461527e+00
-2.735577999999999884e+04 -8.649982597128150985e+00
-2.725577999999999884e+04 -8.710340272934949724e+00
-2.715577999999999884e+04 -8.770931379525995553e+00
-2.705577999999999884e+04 -8.831756281246557094e+00
-2.695577999999999884e+04 -8.892815343319607990e+00
-2.685577999999999884e+04 -8.954108931851292752e+00
-2.675577999999999884e+04 -9.015637413836470770e+00
-2.665577999999999884e+04 -9.077401157164253220e+00
-2.655577999999999884e+04 -9.139400530623497332e+00
-2.645577999999999884e+04 -9.201635903908321978e+00
-2.635577999999999884e+04 -9.264107647623637476e+00
-2.625577999999999884e+04 -9.326816133290680710e+00
-2.615577999999999884e+04 -9.389761733352502304e+00
-2.605577999999999884e+04 -9.452944821179503521e+00
-2.595577999999999884e+04 -9.516365771074951851e+00
-2.585577999999999884e+04 -9.580024958280505487e+00
-2.575577999999999884e+04 -9.643922758981711141e+00
-2.565577999999999884e+04 -9.708059550313560493e+00
-2.555577999999999884e+04 -9.772435710365984463e+00
-2.545577999999999884e+04 -9.837051618189352808e+00
-2.535577999999999884e+04 -9.901907653800039455e+00
-2.525577999999999884e+04 -9.967004198185918540e+00
-2.515577999999999884e+04 -1.003234163331186224e+01
-2.505577999999999884e+04 -1.009792034212530254e+01
-2.495577999999999884e+04 -1.016374070856170420e+01
-2.485577999999999884e+04 -1.022980311755014071e+01
-2.475577999999999884e+04 -1.029610795501874776e+01
-2.465577999999999884e+04 -1.036265560790029205e+01
-2.455577999999999884e+04 -1.042944646413766741e+01
-2.445577999999999884e+04 -1.049648091268942629e+01
-2.435577999999999884e+04 -1.056375934353527590e+01
-2.425577999999999884e+04 -1.063128214768162216e+01
-2.415577999999999884e+04 -1.069904971716709419e+01
-2.405577999999999884e+04 -1.076706244506802790e+01
-2.395577999999999884e+04 -1.083532072550400294e+01
-2.385577999999999884e+04 -1.090382495364338489e+01
-2.375577999999999884e+04 -1.097257552570881245e+01
-2.365577999999999884e+04 -1.104157283898272901e+01
-2.355577999999999884e+04 -1.111081729181289646e+01
-2.345577999999999884e+04 -1.118030928361791609e+01
-2.335577999999999884e+04 -1.125004921489276910e+01
-2.325577999999999884e+04 -1.132003748721429481e+01
-2.315577999999999884e+04 -1.139027450324674184e+01
-2.305577999999999884e+04 -1.146076066674726945e+01
-2.295577999999999884e+04 -1.153149638257148091e+01
-2.285577999999999884e+04 -1.160248205667892840e+01
-2.275577999999999884e+04 -1.167371809613864109e+01
-2.265577999999999884e+04 -1.174520490913464599e+01
-2.255577999999999884e+04 -1.181694290497147826e+01
-2.245577999999999884e+04 -1.188893249407970920e+01
-2.235577999999999884e+04 -1.196117408802144766e+01
-2.225577999999999884e+04 -1.203366809949588578e+01
-2.215577999999999884e+04 -1.210641494234480042e+01
-2.205577999999999884e+04 -1.217941503155806870e+01
-2.195577999999999884e+04 -1.225266878327921383e+01
-2.185577999999999884e+04 -1.232617661481088334e+01
-2.175577999999999884e+04 -1.239993894462039492e+01
-2.165577999999999884e+04 -1.247395619234525910e+01
-2.155577999999999884e+04 -1.254822877879867526e+01
-2.145577999999999884e+04 -1.262275712597507749e+01
-2.135577999999999884e+04 -1.269754165705562166e+01
-2.125577999999999884e+04 -1.277258279641374905e+01
-2.115577999999999884e+04 -1.284788096962066817e+01
-2.105577999999999884e+04 -1.292343660345086853e+01
-2.095577999999999884e+04 -1.299925012588768425e+01
-2.085577999999999884e+04 -1.307532196612876341e+01
-2.075577999999999884e+04 -1.315165255459161386e+01
-2.065577999999999884e+04 -1.322824232291912772e+01
-2.055577999999999884e+04 -1.330509170398507734e+01
-2.045577999999999884e+04 -1.338220113189965055e+01
-2.035577999999999884e+04 -1.345957104201497323e+01
-2.025577999999999884e+04 -1.353720187093060368e+01
-2.015577999999999884e+04 -1.361509405649907833e+01
-2.005577999999999884e+04 -1.369324803783142741e+01
-1.995577999999999884e+04 -1.377166425530267624e+01
-1.985577999999999884e+04 -1.385034315055738752e+01
-1.975577999999999884e+04 -1.392928516651515558e+01
-1.965577999999999884e+04 -1.400849074737615041e+01
-1.955577999999999884e+04 -1.408796033862661190e+01
-1.945577999999999884e+04 -1.416769438704438855e+01
-1.935577999999999884e+04 -1.424769334070445836e+01
-1.925577999999999884e+04 -1.432795764898441959e+01
-1.915577999999999884e+04 -1.440848776257004893e+01
-1.905577999999999884e+04 -1.448928413346078337e+01
-1.895577999999999884e+04 -1.457034721497526419e+01
-1.885577999999999884e+04 -1.465167746175684904e+01
-1.875577999999999884e+04 -1.473327532977912568e+01
-1.865577999999999884e+04 -1.481514127635144717e+01
-1.855577999999999884e+04 -1.489727576012441723e+01
-1.845577999999999884e+04 -1.497967924109545557e+01
-1.835577999999999884e+04 -1.506235218061427972e+01
-1.825577999999999884e+04 -1.514529504138843308e+01
-1.815577999999999884e+04 -1.522850828748881646e+01
-1.805577999999999884e+04 -1.531199238435519483e+01
-1.795577999999999884e+04 -1.539574779880171462e+01
-1.785577999999999884e+04 -1.547977499902243181e+01
-1.775577999999999884e+04 -1.556407445459683458e+01
-1.765577999999999884e+04 -1.564864663649534293e+01
-1.755577999999999884e+04 -1.573349201708484557e+01
-1.745577999999999884e+04 -1.581861107013421197e+01
-1.735577999999999884e+04 -1.590400427081980439e+01
-1.725577999999999884e+04 -1.598967209573102011e+01
-1.715577999999999884e+04 -1.607561502287577326e+01
-1.705577999999999884e+04 -1.616183353168606729e+01
-1.695577999999999884e+04 -1.624832810302345010e+01
-1.685577999999999884e+04 -1.633509921918458119e+01
-1.675577999999999884e+04 -1.642214736390673480e+01
-1.665577999999999884e+04 -1.650947302237330661e+01
-1.655577999999999884e+04 -1.659707668121936308e+01
-1.645577999999999884e+04 -1.668495882853712686e+01
-1.635577999999999884e+04 -1.677311995388151900e+01
-1.625577999999999884e+04 -1.686156054827566919e+01
-1.615577999999999884e+04 -1.695028110421643319e+01
-1.605577999999999884e+04 -1.703928211567991724e+01
-1.595577999999999884e+04 -1.712856407812699189e+01
-1.585577999999999884e+04 -1.721812748850881292e+01
-1.575577999999999884e+04 -1.730797284527233870e+01
-1.565577999999999884e+04 -1.739810064836585468e+01
-1.555577999999999884e+04 -1.748851139924449427e+01
-1.545577999999999884e+04 -1.757920560087573847e+01
-1.535577999999999884e+04 -1.767018375774496164e+01
-1.525577999999999884e+04 -1.776144637586093111e+01
-1.515577999999999884e+04 -1.785299396276132811e+01
-1.505577999999999884e+04 -1.794482702751828640e+01
-1.495577999999999884e+04 -1.803694608074387418e+01
-1.485577999999999884e+04 -1.812935163459566468e+01
-1.475577999999999884e+04 -1.822204420278219672e+01
-1.465577999999999884e+04 -1.831502430056853825e+01
-1.455577999999999884e+04 -1.840829244478178595e+01
-1.445577999999999884e+04 -1.850184915381659323e+01
-1.435577999999999884e+04 -1.859569494764066633e+01
-1.425577999999999884e+04 -1.868983034780032781e+01
-1.415577999999999884e+04 -1.878425587742598779e+01
-1.405577999999999884e+04 -1.887897206123768967e+01
-1.395577999999999884e+04 -1.897397942555062755e+01
-1.385577999999999884e+04 -1.906927849828065646e+01
-1.375577999999999884e+04 -1.916486980894981329e+01
-1.365577999999999884e+04 -1.926075388869184835e+01
-1.355577999999999884e+04 -1.935693127025773208e+01
-1.345577999999999884e+04 -1.945340248802116179e+01
-1.335577999999999884e+04 -1.955016807798411094e+01
-1.325577999999999884e+04 -1.964722857778232878e+01
-1.315577999999999884e+04 -1.974458452669086483e+01
-1.305577999999999884e+04 -1.984223646562957555e+01
-1.295577999999999884e+04 -1.994018493716867013e+01
-1.285577999999999884e+04 -2.003843048553419948e+01
-1.275577999999999884e+04 -2.013697365661359839e+01
-1.265577999999999884e+04 -2.023581499796118521e+01
-1.255577999999999884e+04 -2.033495505880370047e+01
-1.245577999999999884e+04 -2.043439439004581359e+01
-1.235577999999999884e+04 -2.053413354427563675e+01
-1.225577999999999884e+04 -2.063417307577026705e+01
-1.215577999999999884e+04 -2.073451354050127549e+01
-1.205577999999999884e+04 -2.083515549614024565e+01
-1.195577999999999884e+04 -2.093609950206429104e+01
-1.185577999999999884e+04 -2.103734611936156540e+01
-1.175577999999999884e+04 -2.113889591083679065e+01
-1.165577999999999884e+04 -2.124074944101677076e+01
-1.155577999999999884e+04 -2.134290727615591265e+01
-1.145577999999999884e+04 -2.144536998424173291e+01
-1.135577999999999884e+04 -2.154813813500042130e+01
-1.125577999999999884e+04 -2.165121229990229068e+01
-1.115577999999999884e+04 -2.175459305216734762e+01
-1.105577999999999884e+04 -2.185828096677079913e+01
-1.095577999999999884e+04 -2.196227662044856999e+01
-1.085577999999999884e+04 -2.206658059170280595e+01
-1.075577999999999884e+04 -2.217119346080742659e+01
-1.065577999999999884e+04 -2.227611580981361072e+01
-1.055577999999999884e+04 -2.238134822255533507e+01
-1.045577999999999884e+04 -2.248689128465488452e+01
-1.035577999999999884e+04 -2.259274558352838369e+01
-1.025577999999999884e+04 -2.269891170839129302e+01
-1.015577999999999884e+04 -2.280539025026395450e+01
-1.005577999999999884e+04 -2.291218180197708421e+01
-9.955779999999998836e+03 -2.301928695817731807e+01
-9.855779999999998836e+03 -2.312670631533271148e+01
-9.755779999999998836e+03 -2.323444047173826377e+01
-9.655779999999998836e+03 -2.334249002752143554e+01
-9.555779999999998836e+03 -2.345085558464766962e+01
-9.455779999999998836e+03 -2.355953774692591551e+01
-9.355779999999998836e+03 -2.366853712001415388e+01
-9.255779999999998836e+03 -2.377785431142487127e+01
-9.155779999999998836e+03 -2.388748993053064495e+01
-9.055779999999998836e+03 -2.399744458856962126e+01
-8.955779999999998836e+03 -2.410771889865102935e+01
-8.855779999999998836e+03 -2.421831347576072702e+01
-8.755779999999998836e+03 -2.432922893676670739e+01
-8.655779999999998836e+03 -2.444046590042461631e+01
-8.555779999999998836e+03 -2.455202498738325545e+01
-8.455779999999998836e+03 -2.466390682019014591e+01
-8.355779999999998836e+03 -2.477611202329699580e+01
-8.255779999999998836e+03 -2.488864122306526028e+01
-8.155779999999998836e+03 -2.500149504777162335e+01
-8.055779999999998836e+03 -2.511467412761355789e+01
-7.955779999999998836e+03 -2.522817909471480391e+01
-7.855779999999998836e+03 -2.534201058313092858e+01
-7.755779999999998836e+03 -2.545616922885479738e+01
-7.655779999999998836e+03 -2.557065566982213412e+01
-7.555779999999998836e+03 -2.568547054591703827e+01
-7.455779999999998836e+03 -2.580061449897745618e+01
-7.355779999999998836e+03 -2.591608817280076593e+01
-7.255779999999998836e+03 -2.603189221314925206e+01
-7.155779999999998836e+03 -2.614802726775564068e+01
-7.055779999999998836e+03 -2.626449398632860621e+01
-6.955779999999998836e+03 -2.638129302055831715e+01
-6.855779999999998836e+03 -2.649842502412192502e+01
-6.755779999999998836e+03 -2.661589065268908882e+01
-6.655779999999998836e+03 -2.673369056392752441e+01
-6.555779999999998836e+03 -2.685182541750847562e+01
-6.455779999999998836e+03 -2.697029587511227433e+01
-6.355779999999998836e+03 -2.708910260043383289e+01
-6.255779999999998836e+03 -2.720824625918817574e+01
-6.155779999999998836e+03 -2.732772751911596032e+01
-6.055779999999998836e+03 -2.744754704998898731e+01
-5.955779999999998836e+03 -2.756770552361572868e+01
-5.855779999999998836e+03 -2.768820361384683082e+01
-5.755779999999998836e+03 -2.780904199658065323e+01
-5.655779999999998836e+03 -2.793022134976877524e+01
-5.555779999999998836e+03 -2.805174235342152755e+01
-5.455779999999998836e+03 -2.817360568961349188e+01
-5.355779999999998836e+03 -2.829581204248902893e+01
-5.255779999999998836e+03 -2.841836209826780646e+01
-5.155779999999998836e+03 -2.854125654525031663e+01
-5.055779999999998836e+03 -2.866449607382336495e+01
-4.955779999999998836e+03 -2.878808137646563736e+01
-4.855779999999998836e+03 -2.891201314775319275e+01
-4.755779999999998836e+03 -2.903629208436496256e+01
-4.655779999999998836e+03 -2.916091888508832142e+01
-4.555779999999998836e+03 -2.928589425082455477e+01
-4.455779999999998836e+03 -2.941121888459440470e+01
-4.355779999999998836e+03 -2.953689349154359789e+01
-4.255779999999998836e+03 -2.966291877894832396e+01
-4.155779999999998836e+03 -2.978929545622080610e+01
-4.055779999999998836e+03 -2.991602423491478646e+01
-3.955779999999998836e+03 -3.004310582873103641e+01
-3.855779999999998836e+03 -3.017054095352292364e+01
-3.755779999999998836e+03 -3.029833032730187270e+01
-3.655779999999998836e+03 -3.042647467024293917e+01
-3.555779999999998836e+03 -3.055497470469026666e+01
-3.455779999999998836e+03 -3.068383115516267523e+01
-3.355779999999998836e+03 -3.081304474835911478e+01
-3.255779999999998836e+03 -3.094261621316423927e+01
-3.155779999999998836e+03 -3.107254628065388857e+01
-3.055779999999998836e+03 -3.120283568410061292e+01
-2.955779999999998836e+03 -3.133348515897922582e+01
-2.855779999999998836e+03 -3.146449544297226097e+01
-2.755779999999998836e+03 -3.159586727597555011e+01
-2.655779999999998836e+03 -3.172760140010372254e+01
-2.555779999999998836e+03 -3.185969855969569409e+01
-2.455779999999998836e+03 -3.199215950132023423e+01
-2.355779999999998836e+03 -3.212498497378145856e+01
-2.255779999999998836e+03 -3.225817572812434975e+01
-2.155779999999998836e+03 -3.239173251764027128e+01
-2.055779999999998836e+03 -3.252565609787251333e+01
-1.955779999999998836e+03 -3.265994722662176741e+01
-1.855779999999998836e+03 -3.279460666395169710e+01
-1.755779999999998836e+03 -3.292963517219440917e+01
-1.655779999999998836e+03 -3.306503351595600293e+01
-1.555779999999998836e+03 -3.320080246212208408e+01
-1.455779999999998836e+03 -3.333694277986326426e+01
-1.355779999999998836e+03 -3.347345524064071753e+01
-1.255779999999998836e+03 -3.361034061821166574e+01
-1.155779999999998836e+03 -3.374759968863489235e+01
-1.055779999999998836e+03 -3.388523323027632017e+01
-9.557799999999988358e+02 -3.402324202381443996e+01
-8.557799999999988358e+02 -3.416162685224591655e+01
-7.557799999999988358e+02 -3.430038850089104585e+01
-6.557799999999988358e+02 -3.443952775739930416e+01
-5.557799999999988358e+02 -3.457904541175486912e+01
-4.557799999999988358e+02 -3.471894225628211927e+01
-3.557799999999988358e+02 -3.485921908565116212e+01
-2.557799999999988358e+02 -3.499987669688336211e+01
-1.557799999999988358e+02 -3.514091588935684740e+01
-5.577999999999883585e+01 -3.528233746481203781e+01
4.422000000000116415e+01 -3.542414222735715157e+01
1.442200000000011642e+02 -3.556633098347374045e+01
2.442200000000011642e+02 -3.570890454202218933e+01
3.442200000000011642e+02 -3.585186371424727270e+01
4.442200000000011642e+02 -3.599520931378361155e+01
5.442200000000011642e+02 -3.613894215666125831e+01
6.442200000000011642e+02 -3.628306306131116088e+01
7.442200000000011642e+02 -3.642757284857072619e+01
8.442200000000011642e+02 -3.657247234168931982e+01
9.442200000000011642e+02 -3.671776236633376556e+01
1.044220000000001164e+03 -3.686344375059390188e+01
1.144220000000001164e+03 -3.700951732498807445e+01
1.244220000000001164e+03 -3.715598392246866410e+01
1.344220000000001164e+03 -3.730284437842761491e+01
1.444220000000001164e+03 -3.745009953070191955e+01
1.544220000000001164e+03 -3.759775021957918995e+01
1.644220000000001164e+03 -3.774579728780312848e+01
1.744220000000001164e+03 -3.789424158057907732e+01
1.844220000000001164e+03 -3.804308394557952511e+01
1.944220000000001164e+03 -3.819232523294962078e+01
2.044220000000001164e+03 -3.834196629531270872e+01
2.144220000000001164e+03 -3.849200798777584254e+01
2.244220000000001164e+03 -3.864245116793527757e+01
2.344220000000001164e+03 -3.879329669588204865e+01
2.444220000000001164e+03 -3.894454543420741288e+01
2.544220000000001164e+03 -3.909619824800843446e+01
2.644220000000001164e+03 -3.924825600489347721e+01
2.744220000000001164e+03 -3.940071957498771837e+01
2.844220000000001164e+03 -3.955358983093866243e+01
2.944220000000001164e+03 -3.970686764792169754e+01
3.044220000000001164e+03 -3.986055390364556672e+01
3.144220000000001164e+03 -4.001464947835792429e+01
3.244220000000001164e+03 -4.016915525485081417e+01
3.344220000000001164e+03 -4.032407211846624051e+01
3.444220000000001164e+03 -4.047940095710164599e+01
3.544220000000001164e+03 -4.063514266121544694e+01
3.644220000000001164e+03 -4.079129812383254716e+01
3.744220000000001164e+03 -4.094786824054987306e+01
3.844220000000001164e+03 -4.110485390954185903e+01
3.944220000000001164e+03 -4.126225603156601096e+01
4.044220000000001164e+03 -4.142007550996837040e+01
4.144220000000001164e+03 -4.157831325068909933e+01
4.244220000000001164e+03 -4.173697016226793721e+01
4.344220000000001164e+03 -4.189604715584975736e+01
4.444220000000001164e+03 -4.205554514519005949e+01
4.544220000000001164e+03 -4.221546504666054744e+01
4.644220000000001164e+03 -4.237580777925455777e+01
4.744220000000001164e+03 -4.253657426459265167e+01
4.844220000000001164e+03 -4.269776542692810040e+01
4.944220000000001164e+03 -4.285938219315241327e+01
5.044220000000001164e+03 -4.302142549280087280e+01
5.144220000000001164e+03 -4.318389625805800591e+01
5.244220000000001164e+03 -4.334679542376315453e+01
5.344220000000001164e+03 -4.351012392741596813e+01
5.444220000000001164e+03 -4.367388270918193172e+01
5.544220000000001164e+03 -4.383807271189788679e+01
5.644220000000001164e+03 -4.400269488107752380e+01
5.744220000000001164e+03 -4.416775016491694572e+01
5.844220000000001164e+03 -4.433323951430014631e+01
5.944220000000001164e+03 -4.449916388280458079e+01
6.044220000000001164e+03 -4.466552422670659439e+01
6.144220000000001164e+03 -4.483232150498704272e+01
6.244220000000001164e+03 -4.499955667933674874e+01
6.344220000000001164e+03 -4.516723071416205215e+01
6.444220000000001164e+03 -4.533534457659028760e+01
6.544220000000001164e+03 -4.550389923647536250e+01
6.644220000000001164e+03 -4.567289566640322107e+01
6.744220000000001164e+03 -4.584233484169740080e+01
6.844220000000001164e+03 -4.601221774042453916e+01
6.944220000000001164e+03 -4.618254534339987316e+01
7.044220000000001164e+03 -4.635331863419278875e+01
7.144220000000001164e+03 -4.652453859913234169e+01
7.244220000000001164e+03 -4.669620622731272164e+01
7.344220000000001164e+03 -4.686832251059885834e+01
7.444220000000001164e+03 -4.704088844363185729e+01
7.544220000000001164e+03 -4.721390502383457743e+01
7.644220000000001164e+03 -4.738737325141712375e+01
7.744220000000001164e+03 -4.756129412938236811e+01
7.844220000000001164e+03 -4.773566866353146310e+01
7.944220000000001164e+03 -4.791049786246937714e+01
8.044220000000001164e+03 -4.808578273761040833e+01
8.144220000000001164e+03 -4.826152430318368403e+01
8.244220000000001164e+03 -4.843772357623873148e+01
8.344220000000001164e+03 -4.861438157665091353e+01
8.444220000000001164e+03 -4.879149932712702054e+01
8.544220000000001164e+03 -4.896907785321078421e+01
8.644220000000001164e+03 -4.914711818328834170e+01
8.744220000000001164e+03 -4.932562134859379199e+01
8.844220000000001164e+03 -4.950458838321473820e+01
8.944220000000001164e+03 -4.968402032409776581e+01
9.044220000000001164e+03 -4.986391821105397071e+01
9.144220000000001164e+03 -5.004428308676450143e+01
9.244220000000001164e+03 -5.022511599678602323e+01
9.344220000000001164e+03 -5.040641798955633135e+01
9.444220000000001164e+03 -5.058819011639976537e+01
9.544220000000001164e+03 -5.077043343153280119e+01
9.644220000000001164e+03 -5.095314899206954351e+01
9.744220000000001164e+03 -5.113633785802722542e+01
9.844220000000001164e+03 -5.132000109233177909e+01
9.944220000000001164e+03 -5.150413976082329270e+01
1.004422000000000116e+04 -5.168875493226158824e+01
1.014422000000000116e+04 -5.187384767833171395e+01
1.024422000000000116e+04 -5.205941907364941557e+01
1.034422000000000116e+04 -5.224547019576676377e+01
1.044422000000000116e+04 -5.243200212517757564e+01
1.054422000000000116e+04 -5.261901594532299242e+01
1.064422000000000116e+04 -5.280651274259693650e+01
1.074422000000000116e+04 -5.299449360635171047e+01
1.084422000000000116e+04 -5.318295962890345407e+01
1.094422000000000116e+04 -5.337191190553769360e+01
1.104422000000000116e+04 -5.356135153451484854e+01
1.114422000000000116e+04 -5.375127961707575253e+01
1.124422000000000116e+04 -5.394169725744717425e+01
1.134422000000000116e+04 -5.413260556284733127e+01
1.144422000000000116e+04 -5.432400564349142513e+01
1.154422000000000116e+04 -5.451589861259714098e+01
1.164422000000000116e+04 -5.470828558639016848e+01
1.174422000000000116e+04 -5.490116768410972981e+01
1.184422000000000116e+04 -5.509454602801410772e+01
1.194422000000000116e+04 -5.528842174338615223e+01
1.204422000000000116e+04 -5.548279595853876600e+01
1.214422000000000116e+04 -5.567766980482049632e+01
1.224422000000000116e+04 -5.587304441662099919e+01
1.234422000000000116e+04 -5.606892093137658151e+01
1.244422000000000116e+04 -5.626530048957569363e+01
1.254422000000000116e+04 -5.646218423476447867e+01
1.264422000000000116e+04 -5.665957331355227922e+01
1.274422000000000116e+04 -5.685746887561718665e+01
1.284422000000000116e+04 -5.705587207371146974e+01
1.294422000000000116e+04 -5.725478406366720918e+01
1.304422000000000116e+04 -5.745420600440173331e+01
1.314422000000000116e+04 -5.765413905792316740e+01
1.324422000000000116e+04 -5.785458438933596170e+01
1.334422000000000116e+04 -5.805554316684638394e+01
1.344422000000000116e+04 -5.825701656176808996e+01
1.354422000000000116e+04 -5.845900574852755938e+01
1.364422000000000116e+04 -5.866151190466969467e+01
1.374422000000000116e+04 -5.886453621086329946e+01
1.384422000000000116e+04 -5.906807985090659940e+01
1.394422000000000116e+04 -5.927214401173276315e+01
1.404422000000000116e+04 -5.947672988341545874e+01
1.414422000000000116e+04 -5.968183865917428932e+01
1.424422000000000116e+04 -5.988747153538040635e+01
1.434422000000000116e+04 -6.009362971156195243e+01
1.444422000000000116e+04 -6.030031439040963903e+01
1.454422000000000116e+04 -6.050752677778223187e+01
1.464422000000000116e+04 -6.071526808271205766e+01
1.474422000000000116e+04 -6.092353951741055340e+01
1.484422000000000116e+04 -6.113234229727378732e+01
1.494422000000000116e+04 -6.134167764088795849e+01
1.504422000000000116e+04 -6.155154677003490349e+01
1.514422000000000116e+04 -6.176195090969765999e+01
1.524422000000000116e+04 -6.197289128806595926e+01
1.534422000000000116e+04 -6.218436913654171860e+01
1.544422000000000116e+04 -6.239638568974461919e+01
1.554422000000000116e+04 -6.260894218551755586e+01
1.564422000000000116e+04 -6.282203986493225045e+01
1.574422000000000116e+04 -6.303567997229465902e+01
1.584422000000000116e+04 -6.324986375515058512e+01
1.594422000000000116e+04 -6.346459246429112966e+01
1.604422000000000116e+04 -6.367986735375823315e+01
1.614422000000000116e+04 -6.389568968085026768e+01
1.624422000000000116e+04 -6.411206070612740859e+01
1.634422000000000116e+04 -6.432898169341727623e+01
1.644422000000000116e+04 -6.454645390982041420e+01
1.654422000000000116e+04 -6.476447862571579606e+01
1.664422000000000116e+04 -6.498305711476633917e+01
1.674422000000000116e+04 -6.520219065392450375e+01
1.684422000000000116e+04 -6.542188052343766458e+01
1.694422000000000116e+04 -6.564212800685373850e+01
1.704422000000000116e+04 -6.586293439102675507e+01
1.714422000000000116e+04 -6.608430096612221405e+01
1.724422000000000116e+04 -6.630622902562267029e+01
1.734422000000000116e+04 -6.652871986633336121e+01
1.744422000000000116e+04 -6.675177478838759271e+01
1.754422000000000116e+04 -6.697539509525226720e+01
1.764422000000000116e+04 -6.719958209373348268e+01
1.774422000000000116e+04 -6.742433709398201813e+01
1.784422000000000116e+04 -6.764966140949876205e+01
1.794422000000000116e+04 -6.787555635714042523e+01
1.804422000000000116e+04 -6.810202325712484139e+01
1.814422000000000116e+04 -6.832906343303666574e+01
1.824422000000000116e+04 -6.855667821183274668e+01
1.834422000000000116e+04 -6.878486892384776752e+01
1.844422000000000116e+04 -6.901363690279971763e+01
1.854422000000000116e+04 -6.924298348579537787e+01
1.864422000000000116e+04 -6.947291001333586280e+01
1.874422000000000116e+04 -6.970341782932219132e+01
1.884422000000000116e+04 -6.993450828106072947e+01
1.894422000000000116e+04 -7.016618271926873263e+01
1.904422000000000116e+04 -7.039844249807988774e+01
1.914422000000000116e+04 -7.063128897504982717e+01
1.924422000000000116e+04 -7.086472351116161406e+01
1.934422000000000116e+04 -7.109874747083129876e+01
1.944422000000000116e+04 -7.133336222191340426e+01
1.954422000000000116e+04 -7.156856913570651102e+01
1.964422000000000116e+04 -7.180436958695867133e+01
1.974422000000000116e+04 -7.204076495387303680e+01
1.984422000000000116e+04 -7.227775661811328689e+01
1.994422000000000116e+04 -7.251534596480924222e+01
2.004422000000000116e+04 -7.275353438256225047e+01
2.014422000000000116e+04 -7.299232326345085653e+01
2.024422000000000116e+04 -7.323171400303621681e+01
2.034422000000000116e+04 -7.347170800036764149e+01
2.044422000000000116e+04 -7.371230665798815096e+01
2.054422000000000116e+04 -7.395351138193997542e+01
2.064422000000000116e+04 -7.419532358176999765e+01
2.074422000000000116e+04 -7.443774467053540889e+01
2.084422000000000116e+04 -7.468077606480916586e+01
2.094422000000000116e+04 -7.492441918468540507e+01
2.104422000000000116e+04 -7.516867545378518400e+01
2.114422000000000116e+04 -7.541354629926178177e+01
2.124422000000000116e+04 -7.565903315180638344e+01
2.134422000000000116e+04 -7.590513744565345178e+01
2.144422000000000116e+04 -7.615186061858639732e+01
2.154422000000000116e+04 -7.639920411194296435e+01
2.164422000000000116e+04 -7.664716937062082991e+01
2.174422000000000116e+04 -7.689575784308310347e+01
2.184422000000000116e+04 -7.714497098136384068e+01
2.194422000000000116e+04 -7.739481024107355722e+01
2.204422000000000116e+04 -7.764527708140478524e+01
2.214422000000000116e+04 -7.789637296513750186e+01
2.224422000000000116e+04 -7.814809935864477097e+01
2.234422000000000116e+04 -7.840045773189817169e+01
2.244422000000000116e+04 -7.865344955847331221e+01
2.254422000000000116e+04 -7.890707631555545731e+01
2.264422000000000116e+04 -7.916133948394490005e+01
2.274422000000000116e+04 -7.941624054806263189e+01
2.284422000000000116e+04 -7.967178099595568597e+01
2.294422000000000116e+04 -7.992796231930280726e+01
2.304422000000000116e+04 -8.018478601341993794e+01
2.314422000000000116e+04 -8.044225357726567438e+01
2.324422000000000116e+04 -8.070036651344682355e+01
2.334422000000000116e+04 -8.095912632822395949e+01
2.344422000000000116e+04 -8.121853453151690871e+01
2.354422000000000116e+04 -8.147859263691022136e+01
2.364422000000000116e+04 -8.173930216165879870e+01
2.374422000000000116e+04 -8.200066462669329326e+01
2.384422000000000116e+04 -8.226268155662573633e+01
2.394422000000000116e+04 -8.252535447975498073e+01
2.404422000000000116e+04 -8.278868492807222879e+01
2.414422000000000116e+04 -8.305267443726663146e+01
2.424422000000000116e+04 -8.331732454673067423e+01
2.434422000000000116e+04 -8.358263679956577619e+01
2.444422000000000116e+04 -8.384861274258784647e+01
2.454422000000000116e+04 -8.411525392633269860e+01
2.464422000000000116e+04 -8.438256190506167798e+01
2.474422000000000116e+04 -8.465053823676707623e+01
2.484422000000000116e+04 -8.491918448317775869e+01
2.494422000000000116e+04 -8.518850220976457877e+01
2.504422000000000116e+04 -8.545849298574597697e+01
2.514422000000000116e+04 -8.572915838409343792e+01
2.524422000000000116e+04 -8.600049998153710362e+01
2.534422000000000116e+04 -8.627251935857115939e+01
2.544422000000000116e+04 -8.654521809945943289e+01
2.554422000000000116e+04 -8.681859779224096485e+01
2.564422000000000116e+04 -8.709266002873539492e+01
2.574422000000000116e+04 -8.736740640454858919e+01
2.584422000000000116e+04 -8.764283851907808298e+01
2.594422000000000116e+04 -8.791895797551870828e+01
2.604422000000000116e+04 -8.819576638086800813e+01
2.614422000000000116e+04 -8.847326534593173619e+01
2.624422000000000116e+04 -8.875145648532951270e+01
2.634422000000000116e+04 -8.903034141750023878e+01
2.644422000000000116e+04 -8.930992176470759603e+01
2.654422000000000116e+04 -8.959019915304567405e+01
2.664422000000000116e+04 -8.987117521244435636e+01
2.674422000000000116e+04 -9.015285157667494786e+01
2.684422000000000116e+04 -9.043522988335566026e+01
2.694422000000000116e+04 -9.071831177395706902e+01
2.704422000000000116e+04 -9.100209889380774086e+01
2.714422000000000116e+04 -9.128659289209967653e+01
2.724422000000000116e+04 -9.157179542189382460e+01
2.734422000000000116e+04 -9.185770814012568053e+01
2.744422000000000116e+04 -9.214433270761074368e+01
2.754422000000000116e+04 -9.243167078904998846e+01
2.764422000000000116e+04 -9.271972405303547760e+01
2.774422000000000116e+04 -9.300849417205587599e+01
2.784422000000000116e+04 -9.329798282250185082e+01
2.794422000000000116e+04 -9.358819168467178429e+01
2.804422000000000116e+04 -9.387912244277710272e+01
2.814422000000000116e+04 -9.417077678494788984e+01
2.824422000000000116e+04 -9.446315640323842899e+01
2.834422000000000116e+04 -9.475626299363266014e+01
2.844422000000000116e+04 -9.505009825604975049e+01
2.854422000000000116e+04 -9.534466389434952305e+01
2.864422000000000116e+04 -9.563996161633812676e+01
2.874422000000000116e+04 -9.593599313377342241e+01
2.884422000000000116e+04 -9.623276016237055330e+01
2.894422000000000116e+04 -9.653026442180745903e+01
2.904422000000000116e+04 -9.682850763573040354e+01
2.914422000000000116e+04 -9.712749153175947470e+01
2.924422000000000116e+04 -9.742721784149415498e+01
2.934422000000000116e+04 -9.772768830051870736e+01
2.944422000000000116e+04 -9.802890464840790230e+01
2.954422000000000116e+04 -9.833086862873233258e+01
2.964422000000000116e+04 -9.863358198906408347e+01
2.974422000000000116e+04 -9.893704648098213283e+01
2.984422000000000116e+04 -9.924126386007797862e+01
2.994422000000000116e+04 -9.954623588596106742e+01
3.004422000000000116e+04 -9.985196432226435093e+01
3.014422000000000116e+04 -1.001584509366498565e+02
3.024422000000000116e+04 -1.004656975008141160e+02
3.034422000000000116e+04 -1.007737057904937075e+02
3.044422000000000116e+04 -1.010824775854708264e+02
3.054422000000000116e+04 -1.013920146695787423e+02
3.064422000000000116e+04 -1.017023188307074122e+02
3.074422000000000116e+04 -1.020133918608088095e+02
3.084422000000000116e+04 -1.023252355559026512e+02
3.094422000000000116e+04 -1.026378517160818546e+02
3.104422000000000116e+04 -1.029512421455179663e+02
3.114422000000000116e+04 -1.032654086524667747e+02
3.124422000000000116e+04 -1.035803530492738105e+02
3.134422000000000116e+04 -1.038960771523798599e+02
3.144422000000000116e+04 -1.042125827823264643e+02
3.154422000000000116e+04 -1.045298717637614345e+02
3.164422000000000116e+04 -1.048479459254444777e+02
3.174422000000000116e+04 -1.051668071002525409e+02
3.184422000000000116e+04 -1.054864571251854386e+02
3.194422000000000116e+04 -1.058068978413714092e+02
3.204422000000000116e+04 -1.061281310940725007e+02
3.214422000000000116e+04 -1.064501587326902126e+02
3.224422000000000116e+04 -1.067729826107709528e+02
3.234422000000000116e+04 -1.070966045860115798e+02
3.244422000000000116e+04 -1.074210265202649168e+02
3.254422000000000116e+04 -1.077462502795452508e+02
3.264422000000000116e+04 -1.080722777340338752e+02
3.274422000000000116e+04 -1.083991107580846318e+02
3.284422000000000116e+04 -1.087267512302293255e+02
3.294422000000000116e+04 -1.090552010331834225e+02
3.304422000000000116e+04 -1.093844620538514079e+02
3.314422000000000116e+04 -1.097145361833323278e+02
3.324422000000000116e+04 -1.100454253169254173e+02
3.334422000000000116e+04 -1.103771313541354715e+02
3.344422000000000116e+04 -1.107096561986785304e+02
3.354422000000000116e+04 -1.110430017584871933e+02
3.364422000000000116e+04 -1.113771699457163180e+02
3.374422000000000116e+04 -1.117121626767485054e+02
3.384422000000000116e+04 -1.120479818721994718e+02
3.394422000000000116e+04 -1.123846294569237898e+02
3.404422000000000116e+04 -1.127221073600202317e+02
3.414422000000000116e+04 -1.130604175148374111e+02
3.424422000000000116e+04 -1.133995618589791832e+02
3.434422000000000116e+04 -1.137395423343102436e+02
3.444422000000000116e+04 -1.140803608869616994e+02
3.454422000000000116e+04 -1.144220194673363977e+02
3.464422000000000116e+04 -1.147645200301146957e+02
3.474422000000000116e+04 -1.151078645342597184e+02
3.484422000000000116e+04 -1.154520549430231284e+02
3.494422000000000116e+04 -1.157970932239504265e+02
3.504422000000000116e+04 -1.161429813488866785e+02
3.514422000000000116e+04 -1.164897212939818019e+02
3.524422000000000116e+04 -1.168373150396962927e+02
3.534422000000000116e+04 -1.171857645708066542e+02
3.544422000000000116e+04 -1.175350718764108962e+02
3.554422000000000116e+04 -1.178852389499340489e+02
3.564422000000000116e+04 -1.182362677891338052e+02
3.574422000000000116e+04 -1.185881603961058488e+02
3.584422000000000116e+04 -1.189409187772895535e+02
3.594422000000000116e+04 -1.192945449434733547e+02
3.604422000000000116e+04 -1.196490409098003909e+02
3.614422000000000116e+04 -1.200044086957739040e+02
3.624422000000000116e+04 -1.203606503252628812e+02
3.634422000000000116e+04 -1.207177678265074547e+02
3.644422000000000116e+04 -1.210757632321245580e+02
3.654422000000000116e+04 -1.214346385791132690e+02
3.664422000000000116e+04 -1.217943959088605084e+02
3.674422000000000116e+04 -1.221550372671464118e+02
3.684422000000000116e+04 -1.225165647041499710e+02
3.694422000000000116e+04 -1.228789802744544630e+02
3.704422000000000116e+04 -1.232422860370529634e+02
3.714422000000000116e+04 -1.236064840553539881e+02
3.724422000000000116e+04 -1.239715763971868796e+02
3.734422000000000116e+04 -1.243375651348073490e+02
3.744422000000000116e+04 -1.247044523449030891e+02
3.754422000000000116e+04 -1.250722401085991606e+02
3.764422000000000116e+04 -1.254409305114635913e+02
3.774422000000000116e+04 -1.258105256435128894e+02
3.784422000000000116e+04 -1.261810275992175434e+02
3.794422000000000116e+04 -1.265524384775075504e+02
3.804422000000000116e+04 -1.269247603817779435e+02
3.814422000000000116e+04 -1.272979954198942636e+02
3.824422000000000116e+04 -1.276721457041981864e+02
3.834422000000000116e+04 -1.280472133515129087e+02
3.844422000000000116e+04 -1.284232004831487473e+02
3.854422000000000116e+04 -1.288001092249086241e+02
3.864422000000000116e+04 -1.291779417070936518e+02
3.874422000000000116e+04 -1.295567000645085329e+02
3.884422000000000116e+04 -1.299363864364672452e+02
3.894422000000000116e+04 -1.303170029667983272e+02
3.904422000000000116e+04 -1.306985518038506484e+02
3.914422000000000116e+04 -1.310810351004987808e+02
3.924422000000000116e+04 -1.314644550141485411e+02
3.934422000000000116e+04 -1.318488137067425043e+02
3.944422000000000116e+04 -1.322341133447655750e+02
3.954422000000000116e+04 -1.326203560992504435e+02
3.964422000000000116e+04 -1.330075441457831289e+02
3.974422000000000116e+04 -1.333956796645085205e+02
3.984422000000000116e+04 -1.337847648401358356e+02
3.994422000000000116e+04 -1.341748018619442462e+02
4.004422000000000116e+04 -1.345657929237882229e+02
4.014422000000000116e+04 -1.349577402241033042e+02
4.024422000000000116e+04 -1.353506459659113830e+02
4.034422000000000116e+04 -1.357445123568262773e+02
4.044422000000000116e+04 -1.361393416090594144e+02
4.054422000000000116e+04 -1.365351359394250608e+02
4.064422000000000116e+04 -1.369318975693461766e+02
4.074422000000000116e+04 -1.373296287248595888e+02
4.084422000000000116e+04 -1.377283316366218457e+02
4.094422000000000116e+04 -1.381280085399144184e+02
4.104422000000000116e+04 -1.385286616746495270e+02
4.114422000000000116e+04 -1.389302932853753987e+02
4.124422000000000116e+04 -1.393329056212819239e+02
4.134422000000000116e+04 -1.397365009362061130e+02
4.144422000000000116e+04 -1.401410814886377807e+02
4.154422000000000116e+04 -1.405466495417247188e+02
4.164422000000000116e+04 -1.409532073632786080e+02
4.174422000000000116e+04 -1.413607572257803326e+02
4.184422000000000116e+04 -1.417693014063854378e+02
4.194422000000000116e+04 -1.421788421869297849e+02
4.204422000000000116e+04 -1.425893818539350377e+02
4.214422000000000116e+04 -1.430009226986141755e+02
4.224422000000000116e+04 -1.434134670168769503e+02
4.234422000000000116e+04 -1.438270171093354861e+02
4.244422000000000116e+04 -1.442415752813097640e+02
4.254422000000000116e+04 -1.446571438428331646e+02
4.264422000000000116e+04 -1.450737251086579533e+02
4.274422000000000116e+04 -1.454913213982608227e+02
4.284422000000000116e+04 -1.459099350358483775e+02
4.294422000000000116e+04 -1.463295683503627060e+02
4.304422000000000116e+04 -1.467502236754868647e+02
4.314422000000000116e+04 -1.471719033496503926e+02
4.324422000000000116e+04 -1.475946097160348813e+02
4.334422000000000116e+04 -1.480183451225794329e+02
4.344422000000000116e+04 -1.484431119219861728e+02
4.354422000000000116e+04 -1.488689124717258210e+02
4.364422000000000116e+04 -1.492957491340432057e+02
4.374422000000000116e+04 -1.497236242759627771e+02
4.384422000000000116e+04 -1.501525402692940361e+02
4.394422000000000116e+04 -1.505824994906371899e+02
4.404422000000000116e+04 -1.510135043213886377e+02
4.414422000000000116e+04 -1.514455571477463423e+02
4.424422000000000116e+04 -1.518786603607156849e+02
4.434422000000000116e+04 -1.523128163561145527e+02
4.444422000000000116e+04 -1.527480275345791654e+02
4.454422000000000116e+04 -1.531842963015695318e+02
4.464422000000000116e+04 -1.536216250673749073e+02
4.474422000000000116e+04 -1.540600162471193357e+02
4.484422000000000116e+04 -1.544994722607671918e+02
4.494422000000000116e+04 -1.549399955331286947e+02
4.504422000000000116e+04 -1.553815884938654506e+02
4.514422000000000116e+04 -1.558242535774958242e+02
4.524422000000000116e+04 -1.562679932234007083e+02
4.534422000000000116e+04 -1.567128098758288957e+02
4.544422000000000116e+04 -1.571587059839024789e+02
4.554422000000000116e+04 -1.576056840016226772e+02
4.564422000000000116e+04 -1.580537463878750088e+02
4.574422000000000116e+04 -1.585028956064351462e+02
4.584422000000000116e+04 -1.589531341259741453e+02
4.594422000000000116e+04 -1.594044644200641585e+02
4.604422000000000116e+04 -1.598568889671838633e+02
4.614422000000000116e+04 -1.603104102507240043e+02
4.624422000000000116e+04 -1.607650307589928786e+02
4.634422000000000116e+04 -1.612207529852219068e+02
4.644422000000000116e+04 -1.616775794275712030e+02
4.654422000000000116e+04 -1.621355125891349189e+02
4.664422000000000116e+04 -1.625945549779468990e+02
4.674422000000000116e+04 -1.630547091069861949e+02
4.684422000000000116e+04 -1.635159774941824935e+02
4.694422000000000116e+04 -1.639783626624218300e+02
4.704422000000000116e+04 -1.644418671395517606e+02
4.714422000000000116e+04 -1.649064934583873310e+02
4.724422000000000116e+04 -1.653722441567162207e+02
4.734422000000000116e+04 -1.658391217773044275e+02
4.744422000000000116e+04 -1.663071288679017243e+02
4.754422000000000116e+04 -1.667762679812473721e+02
4.764422000000000116e+04 -1.672465416750752354e+02
4.774422000000000116e+04 -1.677179525121197798e+02
4.784422000000000116e+04 -1.681905030601212161e+02
4.794422000000000116e+04 -1.686641958918312127e+02
4.804422000000000116e+04 -1.691390335850184101e+02
4.814422000000000116e+04 -1.696150187224737635e+02
4.824422000000000116e+04 -1.700921538920162845e+02
4.834422000000000116e+04 -1.705704416864984978e+02
4.844422000000000116e+04 -1.710498847038118413e+02
4.854422000000000116e+04 -1.715304855468923506e+02
4.864422000000000116e+04 -1.720122468237260591e+02
4.874422000000000116e+04 -1.724951711473545686e+02
4.884422000000000116e+04 -1.729792611358805061e+02
4.894422000000000116e+04 -1.734645194124732654e+02
4.904422000000000116e+04 -1.739509486053741796e+02
4.914422000000000116e+04 -1.744385513479022904e+02
4.924422000000000116e+04 -1.749273302784597490e+02
4.934422000000000116e+04 -1.754172880405374144e+02
4.944422000000000116e+04 -1.759084272827203961e+02
4.954422000000000116e+04 -1.764007506586933971e+02
4.964422000000000116e+04 -1.768942608272464270e+02
4.974422000000000116e+04 -1.773889604522802301e+02
4.984422000000000116e+04 -1.778848522028117713e+02
4.994422000000000116e+04 -1.783819387529799485e+02
5.004422000000000116e+04 -1.788802227820507653e+02
5.014422000000000116e+04 -1.793797069744231578e+02
5.024422000000000116e+04 -1.798803940196344513e+02
5.034422000000000116e+04 -1.803822866123657036e+02
5.044422000000000116e+04 -1.808853874524475032e+02
5.054422000000000116e+04 -1.813896992448652270e+02
5.064422000000000116e+04 -1.818952246997647251e+02
5.074422000000000116e+04 -1.824019665324577772e+02
5.084422000000000116e+04 -1.829099274634275503e+02
5.094422000000000116e+04 -1.834191102183343958e+02
5.104422000000000116e+04 -1.839295175280208809e+02
5.114422000000000116e+04 -1.844411521285177855e+02
5.124422000000000116e+04 -1.849540167610493597e+02
5.134422000000000116e+04 -1.854681141720389235e+02
5.144422000000000116e+04 -1.859834471131143800e+02
5.154422000000000116e+04 -1.865000183411136447e+02
5.164422000000000116e+04 -1.870178306180903292e+02
5.174422000000000116e+04 -1.875368867113191698e+02
5.184422000000000116e+04 -1.880571893933014564e+02
5.194422000000000116e+04 -1.885787414417708021e+02
5.204422000000000116e+04 -1.891015456396983438e+02
5.214422000000000116e+04 -1.896256047752985694e+02
5.224422000000000116e+04 -1.901509216420345183e+02
5.234422000000000116e+04 -1.906774990386237221e+02
5.244422000000000116e+04 -1.912053397690432064e+02
5.254422000000000116e+04 -1.917344466425354312e+02
5.264422000000000116e+04 -1.922648224736136626e+02
5.274422000000000116e+04 -1.927964700820674295e+02
5.284422000000000116e+04 -1.933293922929681230e+02
5.294422000000000116e+04 -1.938635919366744247e+02
5.304422000000000116e+04 -1.943990718488379912e+02
5.314422000000000116e+04 -1.949358348704088826e+02
5.324422000000000116e+04 -1.954738838476410194e+02
5.334422000000000116e+04 -1.960132216320976681e+02
5.344422000000000116e+04 -1.965538510806572674e+02
5.354422000000000116e+04 -1.970957750555184589e+02
5.364422000000000116e+04 -1.976389964242061694e+02
5.374422000000000116e+04 -1.981835180595766133e+02
5.384422000000000116e+04 -1.987293428398230617e+02
5.394422000000000116e+04 -1.992764736484814421e+02
5.404422000000000116e+04 -1.998249133744356243e+02
5.414422000000000116e+04 -2.003746649119231620e+02
5.424422000000000116e+04 -2.009257311605406642e+02
5.434422000000000116e+04 -2.014781150252493660e+02
5.444422000000000116e+04 -2.020318194163806140e+02
5.454422000000000116e+04 -2.025868472496414370e+02
5.464422000000000116e+04 -2.031432014461201447e+02
5.474422000000000116e+04 -2.037008849322915864e+02
5.484422000000000116e+04 -2.042599006400228916e+02
5.494422000000000116e+04 -2.048202515065789271e+02
5.504422000000000116e+04 -2.053819404746279247e+02
5.514422000000000116e+04 -2.059449704922466537e+02
5.524422000000000116e+04 -2.065093445129263898e+02
5.534422000000000116e+04 -2.070750654955781727e+02
5.544422000000000116e+04 -2.076421364045382916e+02
5.554422000000000116e+04 -2.082105602095739698e+02
5.564422000000000116e+04 -2.087803398858887647e+02
5.574422000000000116e+04 -2.093514784141280813e+02
5.584422000000000116e+04 -2.099239787803848571e+02
5.594422000000000116e+04 -2.104978439762048481e+02
5.604422000000000116e+04 -2.110730769985922848e+02
5.614422000000000116e+04 -2.116496808500154430e+02
5.624422000000000116e+04 -2.122276585384119016e+02
5.634422000000000116e+04 -2.128070130771943980e+02
5.644422000000000116e+04 -2.133877474852561420e+02
5.654422000000000116e+04 -2.139698647869763874e+02
5.664422000000000116e+04 -2.145533680122259170e+02
5.674422000000000116e+04 -2.151382601963726984e+02
5.684422000000000116e+04 -2.157245443802871137e+02
5.694422000000000116e+04 -2.163122236103478144e+02
5.704422000000000116e+04 -2.169013009384470934e+02
5.714422000000000116e+04 -2.174917794219962843e+02
5.724422000000000116e+04 -2.180836621239315036e+02
5.734422000000000116e+04 -2.186769521127189648e+02
5.744422000000000116e+04 -2.192716524623606915e+02
5.754422000000000116e+04 -2.198677662523998038e+02
5.764422000000000116e+04 -2.204652965679264298e+02
5.774422000000000116e+04 -2.210642464995826231e+02
5.784422000000000116e+04 -2.216646191435685012e+02
5.794422000000000116e+04 -2.222664176016473334e+02
5.804422000000000116e+04 -2.228696449811512821e+02
5.814422000000000116e+04 -2.234743043949868309e+02
5.824422000000000116e+04 -2.240803989616403555e+02
5.834422000000000116e+04 -2.246879318051836094e+02
5.844422000000000116e+04 -2.252969060552791802e+02
5.854422000000000116e+04 -2.259073248471861746e+02
5.864422000000000116e+04 -2.265191913217655610e+02
5.874422000000000116e+04 -2.271325086254859116e+02
5.884422000000000116e+04 -2.277472799104284888e+02
5.894422000000000116e+04 -2.283635083342933285e+02
5.904422000000000116e+04 -2.289811970604044120e+02
5.914422000000000116e+04 -2.296003492577152088e+02
5.924422000000000116e+04 -2.302209681008142184e+02
5.934422000000000116e+04 -2.308430567699305413e+02
5.944422000000000116e+04 -2.314666184509394498e+02
5.954422000000000116e+04 -2.320916563353677589e+02
5.964422000000000116e+04 -2.327181736203993978e+02
5.974422000000000116e+04 -2.333461735088809519e+02
5.984422000000000116e+04 -2.339756592093272047e+02
5.994422000000000116e+04 -2.346066339359265953e+02
6.004422000000000116e+04 -2.352391009085467601e+02
6.014422000000000116e+04 -2.358730633527401608e+02
6.024422000000000116e+04 -2.365085244997493703e+02
6.034422000000000116e+04 -2.371454875865127576e+02
6.044422000000000116e+04 -2.377839558556700297e+02
6.054422000000000116e+04 -2.384239325555676601e+02
6.064422000000000116e+04 -2.390654209402644597e+02
6.074422000000000116e+04 -2.397084242695369767e+02
6.084422000000000116e+04 -2.403529458088852664e+02
6.094422000000000116e+04 -2.409989888295382343e+02
6.104422000000000116e+04 -2.416465566084591501e+02
6.114422000000000116e+04 -2.422956524283511044e+02
6.124422000000000116e+04 -2.429462795776627217e+02
6.134422000000000116e+04 -2.435984413505935890e+02
6.144422000000000116e+04 -2.442521410470997978e+02
6.154422000000000116e+04 -2.449073819728993158e+02
6.164422000000000116e+04 -2.455641674394777283e+02
6.174422000000000116e+04 -2.462225007640935246e+02
6.184422000000000116e+04 -2.468823852697839243e+02
6.194422000000000116e+04 -2.475438242853700785e+02
6.204422000000000116e+04 -2.482068211454626692e+02
6.214422000000000116e+04 -2.488713791904676214e+02
6.224422000000000116e+04 -2.495375017665915323e+02
6.234422000000000116e+04 -2.502051922258469006e+02
6.244422000000000116e+04 -2.508744539260582087e+02
6.254422000000000116e+04 -2.515452902308666978e+02
6.264422000000000116e+04 -2.522177045097367341e+02
6.274422000000000116e+04 -2.528917001379606404e+02
6.284422000000000116e+04 -2.535672804966646083e+02
6.294422000000000116e+04 -2.542444489728139843e+02
6.304422000000000116e+04 -2.549232089592190107e+02
6.314422000000000116e+04 -2.556035638545401127e+02
6.324422000000000116e+04 -2.562855170632935824e+02
6.334422000000000116e+04 -2.569690719958570639e+02
6.344422000000000116e+04 -2.576542320684749825e+02
6.354422000000000116e+04 -2.583410007032641147e+02
6.364422000000000116e+04 -2.590293813282193014e+02
6.374422000000000116e+04 -2.597193773772186773e+02
6.384422000000000116e+04 -2.604109922900292986e+02
6.394422000000000116e+04 -2.611042295123126564e+02
6.404422000000000116e+04 -2.617990924956302479e+02
6.414422000000000116e+04 -2.624955846974489759e+02
6.424422000000000116e+04 -2.631937095811468907e+02
6.434422000000000116e+04 -2.638934706160184760e+02
6.444422000000000116e+04 -2.645948712772801628e+02
6.454422000000000116e+04 -2.652979150460762412e+02
6.464422000000000116e+04 -2.660026054094837491e+02
6.474422000000000116e+04 -2.667089458605184404e+02
6.484422000000000116e+04 -2.674169398981402423e+02
6.494422000000000116e+04 -2.681265910272587121e+02
6.504422000000000116e+04 -2.688379027587385508e+02
6.514422000000000116e+04 -2.695508786094050606e+02
6.524422000000000116e+04 -2.702655221020497720e+02
6.534422000000000116e+04 -2.709818367654360713e+02
6.544422000000000116e+04 -2.716998261343043737e+02
6.554422000000000116e+04 -2.724194937493779207e+02
6.564422000000000116e+04 -2.731408431573682947e+02
6.574422000000000116e+04 -2.738638779109808183e+02
6.584422000000000116e+04 -2.745886015689198985e+02
6.594422000000000116e+04 -2.753150176958952784e+02
6.604422000000000116e+04 -2.760431298626265288e+02
6.614422000000000116e+04 -2.767729416458494143e+02
6.624422000000000116e+04 -2.775044566283210088e+02
6.634422000000000116e+04 -2.782376783988250395e+02
6.644422000000000116e+04 -2.789726105521780823e+02
6.654422000000000116e+04 -2.797092566892344507e+02
6.664422000000000116e+04 -2.804476204168918230e+02
6.674422000000000116e+04 -2.811877053480969266e+02
6.684422000000000116e+04 -2.819295151018510523e+02
6.694422000000000116e+04 -2.826730533032153971e+02
6.704422000000000116e+04 -2.834183235833168624e+02
6.714422000000000116e+04 -2.841653295793532834e+02
6.724422000000000116e+04 -2.849140749345990002e+02
6.734422000000000116e+04 -2.856645632984105987e+02
6.744422000000000116e+04 -2.864167983262320831e+02
6.754422000000000116e+04 -2.871707836796009587e+02
6.764422000000000116e+04 -2.879265230261529496e+02
6.774422000000000116e+04 -2.886840200396280807e+02
6.784422000000000116e+04 -2.894432783998763625e+02
6.794422000000000116e+04 -2.902043017928625090e+02
6.804422000000000116e+04 -2.909670939106724177e+02
6.814422000000000116e+04 -2.917316584515179443e+02
6.824422000000000116e+04 -2.924979991197427580e+02
6.834422000000000116e+04 -2.932661196258279688e+02
6.844422000000000116e+04 -2.940360236863972432e+02
6.854422000000000116e+04 -2.948077150242228299e+02
6.864422000000000116e+04 -2.955811973682305620e+02
6.874422000000000116e+04 -2.963564744535058253e+02
6.884422000000000116e+04 -2.971335500212987881e+02
6.894422000000000116e+04 -2.979124278190300288e+02
6.904422000000000116e+04 -2.986931116002960493e+02
6.914422000000000116e+04 -2.994756051248748463e+02
